Timestamp,Local time,Pleasure,Arousal,Dominance
1783984326.4248,16:12:06.424,0.91,0.40,-0.10
1783984326.9243,16:12:06.924,0.91,0.41,-0.11
1783984327.4238,16:12:07.423,0.86,0.48,-0.19
1783984327.9234,16:12:07.923,0.82,0.52,-0.23
1783984328.4237,16:12:08.423,0.82,0.52,-0.23
1783984328.9231,16:12:08.923,0.84,0.50,-0.22
1783984329.423,16:12:09.423,0.85,0.49,-0.19
1783984329.9228,16:12:09.922,0.85,0.48,-0.19
1783984330.4221,16:12:10.422,0.85,0.48,-0.19
1783984330.9221,16:12:10.922,0.84,0.50,-0.20
1783984331.4223,16:12:11.422,0.82,0.53,-0.22
1783984331.9216,16:12:11.921,0.83,0.52,-0.21
1783984332.4217,16:12:12.421,0.86,0.48,-0.16
1783984332.9219,16:12:12.921,0.89,0.43,-0.13
1783984333.4214,16:12:13.421,0.89,0.43,-0.12
1783984333.921,16:12:13.921,0.91,0.39,-0.10
1783984334.4215,16:12:14.421,0.92,0.39,-0.10
1783984334.9213,16:12:14.921,0.92,0.38,-0.09
1783984335.4213,16:12:15.421,0.91,0.40,-0.10
1783984335.9213,16:12:15.921,0.88,0.45,-0.14
1783984336.4215,16:12:16.421,0.88,0.45,-0.13
1783984336.9212,16:12:16.921,0.90,0.43,-0.11
1783984337.4214,16:12:17.421,0.90,0.42,-0.11
1783984337.9209,16:12:17.920,0.90,0.42,-0.12
1783984338.4209,16:12:18.420,0.88,0.45,-0.14
1783984338.9214,16:12:18.921,0.88,0.46,-0.15
1783984339.4208,16:12:19.420,0.88,0.45,-0.16
1783984339.9201,16:12:19.920,0.90,0.41,-0.12
1783984340.4205,16:12:20.420,0.90,0.42,-0.11
1783984340.9198,16:12:20.919,0.89,0.43,-0.11
1783984341.4192,16:12:21.419,0.89,0.43,-0.13
1783984341.9195,16:12:21.919,0.90,0.42,-0.11
1783984342.4193,16:12:22.419,0.91,0.40,-0.10
1783984342.919,16:12:22.919,0.92,0.39,-0.10
1783984343.419,16:12:23.419,0.91,0.40,-0.11
1783984343.9189,16:12:23.918,0.89,0.44,-0.14
1783984344.4187,16:12:24.418,0.85,0.49,-0.19
1783984344.9185,16:12:24.918,0.86,0.49,-0.17
1783984345.418,16:12:25.418,0.86,0.48,-0.16
1783984345.9172,16:12:25.917,0.87,0.47,-0.14
1783984346.4169,16:12:26.416,0.86,0.49,-0.14
1783984346.917,16:12:26.917,0.87,0.48,-0.15
1783984347.4163,16:12:27.416,0.87,0.48,-0.15
1783984347.9163,16:12:27.916,0.87,0.48,-0.14
1783984348.4162,16:12:28.416,0.86,0.49,-0.14
1783984348.916,16:12:28.916,0.87,0.48,-0.14
1783984349.4159,16:12:29.415,0.87,0.47,-0.13
1783984349.9159,16:12:29.915,0.87,0.47,-0.14
1783984350.4156,16:12:30.415,0.87,0.48,-0.13
1783984350.9151,16:12:30.915,0.87,0.47,-0.14
1783984351.4152,16:12:31.415,0.86,0.48,-0.15
1783984351.9152,16:12:31.915,0.87,0.48,-0.14
1783984352.4149,16:12:32.414,0.81,0.55,-0.21
1783984352.9149,16:12:32.914,0.80,0.55,-0.22
1783984353.4154,16:12:33.415,0.80,0.56,-0.23
1783984353.9148,16:12:33.914,0.81,0.56,-0.20
1783984354.4147,16:12:34.414,0.81,0.55,-0.19
1783984354.9149,16:12:34.914,0.82,0.54,-0.21
1783984355.4143,16:12:35.414,0.83,0.52,-0.19
1783984355.9148,16:12:35.914,0.84,0.51,-0.17
1783984356.4145,16:12:36.414,0.85,0.50,-0.17
1783984356.9142,16:12:36.914,0.84,0.51,-0.20
1783984357.414,16:12:37.414,0.83,0.51,-0.22
1783984357.9139,16:12:37.913,0.81,0.53,-0.24
1783984358.4135,16:12:38.413,0.80,0.54,-0.25
1783984358.9134,16:12:38.913,0.80,0.55,-0.25
1783984359.4132,16:12:39.413,0.80,0.54,-0.24
1783984359.9127,16:12:39.912,0.80,0.54,-0.24
1783984360.4127,16:12:40.412,0.81,0.54,-0.23
1783984360.9126,16:12:40.912,0.83,0.52,-0.18
1783984361.4122,16:12:41.412,0.83,0.52,-0.18
1783984361.9119,16:12:41.911,0.85,0.49,-0.18
1783984362.4121,16:12:42.412,0.86,0.47,-0.18
1783984362.9122,16:12:42.912,0.90,0.42,-0.12
1783984363.412,16:12:43.412,0.90,0.42,-0.12
1783984363.9125,16:12:43.912,0.85,0.49,-0.18
1783984364.4119,16:12:44.411,0.85,0.48,-0.20
1783984364.9113,16:12:44.911,0.88,0.45,-0.15
1783984365.4114,16:12:45.411,0.87,0.47,-0.15
1783984365.9108,16:12:45.910,0.87,0.47,-0.15
1783984366.4109,16:12:46.410,0.85,0.49,-0.18
1783984366.9109,16:12:46.910,0.85,0.49,-0.18
1783984367.4106,16:12:47.410,0.85,0.49,-0.18
1783984367.9104,16:12:47.910,0.86,0.49,-0.17
1783984368.4103,16:12:48.410,0.86,0.48,-0.15
1783984368.9101,16:12:48.910,0.85,0.50,-0.16
1783984369.4098,16:12:49.409,0.85,0.50,-0.16
1783984369.9102,16:12:49.910,0.87,0.48,-0.14
1783984370.4097,16:12:50.409,0.87,0.47,-0.13
1783984370.9093,16:12:50.909,0.87,0.47,-0.13
1783984371.4098,16:12:51.409,0.85,0.50,-0.16
1783984371.9096,16:12:51.909,0.85,0.50,-0.16
1783984372.4093,16:12:52.409,0.84,0.51,-0.19
1783984372.9091,16:12:52.909,0.82,0.53,-0.22
1783984373.4086,16:12:53.408,0.83,0.51,-0.21
1783984373.908,16:12:53.908,0.82,0.52,-0.22
1783984374.408,16:12:54.408,0.82,0.53,-0.22
1783984374.9079,16:12:54.907,0.82,0.53,-0.22
1783984375.4073,16:12:55.407,0.84,0.51,-0.21
1783984375.9076,16:12:55.907,0.87,0.46,-0.19
1783984376.4072,16:12:56.407,0.90,0.41,-0.14
1783984376.9067,16:12:56.906,0.96,0.29,-0.04
1783984377.4067,16:12:57.406,0.96,0.29,-0.03
1783984377.9066,16:12:57.906,0.92,0.37,-0.09
1783984378.4062,16:12:58.406,0.98,0.18,0.10
1783984378.906,16:12:58.906,0.98,0.18,0.10
1783984379.4062,16:12:59.406,0.98,0.18,0.11
1783984379.9063,16:12:59.906,0.98,0.16,0.13
1783984380.4057,16:13:00.405,0.98,0.14,0.14
1783984380.9058,16:13:00.905,0.98,0.07,0.17
1783984381.4054,16:13:01.405,0.98,0.05,0.19
1783984381.9049,16:13:01.904,0.98,0.07,0.21
1783984382.405,16:13:02.405,0.97,0.07,0.22
1783984382.9049,16:13:02.904,0.97,0.06,0.23
1783984383.4047,16:13:03.404,0.87,0.49,-0.06
1783984383.9051,16:13:03.905,0.85,0.52,-0.08
1783984384.4046,16:13:04.404,0.82,0.56,-0.14
1783984384.9042,16:13:04.904,0.81,0.56,-0.19
1783984385.4047,16:13:05.404,0.82,0.53,-0.20
1783984385.9041,16:13:05.904,0.85,0.49,-0.16
1783984386.4034,16:13:06.403,0.86,0.48,-0.18
1783984386.9038,16:13:06.903,0.86,0.47,-0.21
1783984387.4035,16:13:07.403,0.86,0.47,-0.21
1783984387.9029,16:13:07.902,0.85,0.49,-0.19
1783984388.4028,16:13:08.402,0.85,0.51,-0.17
1783984388.9028,16:13:08.902,0.98,0.12,0.16
1783984389.4025,16:13:09.402,0.98,0.09,0.18
1783984389.9023,16:13:09.902,0.98,0.07,0.20
1783984390.4022,16:13:10.402,0.98,0.03,0.22
1783984390.9018,16:13:10.901,0.97,0.01,0.23
1783984391.4019,16:13:11.401,0.97,0.00,0.25
1783984391.9018,16:13:11.901,0.97,0.01,0.24
1783984392.4014,16:13:12.401,0.97,0.03,0.24
1783984392.9012,16:13:12.901,0.97,0.04,0.23
1783984393.4015,16:13:13.401,0.97,0.06,0.23
1783984393.9015,16:13:13.901,0.97,0.06,0.22
1783984394.4013,16:13:14.401,0.97,0.06,0.23
1783984394.9014,16:13:14.901,0.97,0.02,0.24
1783984395.4008,16:13:15.400,0.96,-0.02,0.27
1783984395.9005,16:13:15.900,0.96,-0.02,0.28
1783984396.4005,16:13:16.400,0.90,0.44,0.01
1783984396.901,16:13:16.901,0.89,0.46,-0.03
1783984397.4006,16:13:17.400,0.89,0.45,-0.06
1783984397.9011,16:13:17.901,0.88,0.46,-0.10
1783984398.4013,16:13:18.401,0.89,0.44,-0.13
1783984398.9012,16:13:18.901,0.89,0.43,-0.15
1783984399.4012,16:13:19.401,0.89,0.43,-0.15
1783984399.9009,16:13:19.900,0.91,0.40,-0.12
1783984400.4003,16:13:20.400,0.91,0.40,-0.13
1783984400.9004,16:13:20.900,0.89,0.43,-0.14
1783984401.4002,16:13:21.400,0.89,0.44,-0.13
1783984401.9001,16:13:21.900,0.98,0.03,0.19
1783984402.4006,16:13:22.400,0.98,0.02,0.21
1783984402.9,16:13:22.900,0.98,0.04,0.21
1783984403.3993,16:13:23.399,0.98,0.06,0.20
1783984403.8995,16:13:23.899,0.98,0.07,0.20
1783984404.3994,16:13:24.399,0.98,0.08,0.20
1783984404.8986,16:13:24.898,0.98,0.08,0.20
1783984405.3985,16:13:25.398,0.97,0.05,0.23
1783984405.8988,16:13:25.898,0.97,0.04,0.24
1783984406.3981,16:13:26.398,0.86,0.51,-0.06
1783984406.8982,16:13:26.898,0.86,0.51,-0.05
1783984407.3985,16:13:27.398,0.87,0.49,-0.06
1783984407.8977,16:13:27.897,0.85,0.51,-0.11
1783984408.3972,16:13:28.397,0.85,0.50,-0.14
1783984408.897,16:13:28.897,0.84,0.51,-0.18
1783984409.3971,16:13:29.397,0.82,0.53,-0.21
1783984409.8969,16:13:29.896,0.82,0.53,-0.23
1783984410.397,16:13:30.397,0.82,0.52,-0.24
1783984410.8964,16:13:30.896,0.86,0.47,-0.19
1783984411.3963,16:13:31.396,0.87,0.45,-0.19
1783984411.8963,16:13:31.896,0.88,0.46,-0.16
1783984412.396,16:13:32.396,0.87,0.47,-0.16
1783984412.8958,16:13:32.895,0.98,0.04,0.17
1783984413.3959,16:13:33.395,0.98,0.04,0.21
1783984413.8952,16:13:33.895,0.97,0.02,0.23
1783984414.3952,16:13:34.395,0.97,0.02,0.25
1783984414.8958,16:13:34.895,0.97,0.03,0.25
1783984415.3955,16:13:35.395,0.97,0.02,0.25
1783984415.8952,16:13:35.895,0.97,0.01,0.24
1783984416.395,16:13:36.395,0.97,0.02,0.24
1783984416.8955,16:13:36.895,0.97,0.03,0.24
1783984417.3951,16:13:37.395,0.97,0.04,0.24
1783984417.8956,16:13:37.895,0.97,0.04,0.24
1783984418.3954,16:13:38.395,0.97,0.04,0.24
1783984418.8951,16:13:38.895,0.85,0.51,-0.07
1783984419.3951,16:13:39.395,0.86,0.50,-0.07
1783984419.895,16:13:39.895,0.86,0.51,-0.08
1783984420.394,16:13:40.394,0.87,0.48,-0.08
1783984420.8943,16:13:40.894,0.89,0.45,-0.08
1783984421.3941,16:13:41.394,0.90,0.42,-0.08
1783984421.8936,16:13:41.893,0.92,0.39,-0.10
1783984422.3934,16:13:42.393,0.91,0.39,-0.12
1783984422.8936,16:13:42.893,0.91,0.39,-0.13
1783984423.3927,16:13:43.392,0.89,0.42,-0.17
1783984423.8923,16:13:43.892,0.99,0.03,0.15
1783984424.393,16:13:44.393,0.99,0.05,0.16
1783984424.8922,16:13:44.892,0.98,0.09,0.16
1783984425.3919,16:13:45.391,0.98,0.10,0.15
1783984425.8921,16:13:45.892,0.98,0.10,0.16
1783984426.3914,16:13:46.391,0.98,0.09,0.17
1783984426.891,16:13:46.891,0.98,0.07,0.18
1783984427.3915,16:13:47.391,0.98,0.07,0.20
1783984427.8915,16:13:47.891,0.98,0.06,0.21
1783984428.3914,16:13:48.391,0.97,0.05,0.22
1783984428.8912,16:13:48.891,0.97,0.05,0.23
1783984429.3909,16:13:49.390,0.97,0.05,0.24
1783984429.8906,16:13:49.890,0.97,0.04,0.24
1783984430.3909,16:13:50.390,0.97,0.04,0.24
1783984430.8906,16:13:50.890,0.97,0.05,0.24
1783984431.3897,16:13:51.389,0.97,0.03,0.25
1783984431.8899,16:13:51.889,0.84,0.54,-0.07
1783984432.3898,16:13:52.389,0.81,0.57,-0.12
1783984432.8894,16:13:52.889,0.81,0.57,-0.14
1783984433.3894,16:13:53.389,0.83,0.54,-0.13
1783984433.8893,16:13:53.889,0.86,0.49,-0.12
1783984434.3887,16:13:54.388,0.87,0.47,-0.15
1783984434.8888,16:13:54.888,0.87,0.45,-0.18
1783984435.3888,16:13:55.388,0.86,0.47,-0.20
1783984435.8885,16:13:55.888,0.83,0.49,-0.25
1783984436.3887,16:13:56.388,0.82,0.50,-0.28
1783984436.8886,16:13:56.888,0.81,0.52,-0.28
1783984437.3878,16:13:57.387,0.99,0.07,0.12
1783984437.8879,16:13:57.887,0.99,0.04,0.17
1783984438.388,16:13:58.388,0.98,-0.01,0.22
1783984438.8873,16:13:58.887,0.97,-0.04,0.25
1783984439.3871,16:13:59.387,0.96,-0.04,0.27
1783984439.8874,16:13:59.887,0.96,-0.04,0.26
1783984440.3868,16:14:00.386,0.96,-0.03,0.27
1783984440.8867,16:14:00.886,0.97,-0.02,0.26
1783984441.3869,16:14:01.386,0.97,-0.01,0.26
1783984441.8861,16:14:01.886,0.97,-0.01,0.25
1783984442.386,16:14:02.386,0.97,0.01,0.24
1783984442.8862,16:14:02.886,0.97,0.03,0.22
1783984443.3863,16:14:03.386,0.97,0.03,0.23
1783984443.8858,16:14:03.885,0.97,0.02,0.23
1783984444.3863,16:14:04.386,0.97,0.03,0.24
1783984444.8859,16:14:04.885,0.86,0.51,-0.05
1783984445.3856,16:14:05.385,0.82,0.56,-0.11
1783984445.886,16:14:05.886,0.79,0.58,-0.18
1783984446.386,16:14:06.386,0.78,0.58,-0.24
1783984446.8854,16:14:06.885,0.81,0.55,-0.22
1783984447.3857,16:14:07.385,0.83,0.52,-0.20
1783984447.8853,16:14:07.885,0.83,0.52,-0.21
1783984448.3844,16:14:08.384,0.84,0.51,-0.20
1783984448.8848,16:14:08.884,0.85,0.50,-0.19
1783984449.3849,16:14:09.384,0.88,0.47,-0.13
1783984449.8843,16:14:09.884,0.98,0.05,0.18
1783984450.3846,16:14:10.384,0.98,0.04,0.20
1783984450.8844,16:14:10.884,0.98,0.06,0.21
1783984451.3837,16:14:11.383,0.97,0.06,0.23
1783984451.884,16:14:11.884,0.97,0.04,0.24
1783984452.3838,16:14:12.383,0.97,0.02,0.26
1783984452.8835,16:14:12.883,0.97,0.01,0.26
1783984453.3837,16:14:13.383,0.97,0.04,0.25
1783984453.8838,16:14:13.883,0.97,0.07,0.24
1783984454.383,16:14:14.383,0.97,0.08,0.23
1783984454.8829,16:14:14.882,0.97,0.08,0.22
1783984455.3829,16:14:15.382,0.97,0.07,0.23
1783984455.8828,16:14:15.882,0.83,0.55,-0.08
1783984456.3824,16:14:16.382,0.83,0.55,-0.08
1783984456.8825,16:14:16.882,0.83,0.55,-0.10
1783984457.3823,16:14:17.382,0.86,0.50,-0.11
1783984457.8822,16:14:17.882,0.86,0.49,-0.12
1783984458.382,16:14:18.382,0.89,0.44,-0.12
1783984458.8819,16:14:18.881,0.95,0.30,-0.05
1783984459.3813,16:14:19.381,0.95,0.31,-0.05
1783984459.8818,16:14:19.881,0.95,0.30,-0.04
1783984460.3814,16:14:20.381,0.90,0.42,-0.13
1783984460.8815,16:14:20.881,0.88,0.44,-0.15
1783984461.3815,16:14:21.381,0.88,0.45,-0.15
1783984461.8807,16:14:21.880,0.89,0.42,-0.14
1783984462.3804,16:14:22.380,0.90,0.42,-0.13
1783984462.8806,16:14:22.880,0.90,0.42,-0.13
1783984463.3803,16:14:23.380,0.89,0.43,-0.13
1783984463.8795,16:14:23.879,0.89,0.43,-0.15
1783984464.3798,16:14:24.379,0.90,0.42,-0.13
1783984464.8792,16:14:24.879,0.92,0.39,-0.11
1783984465.3787,16:14:25.378,0.94,0.34,-0.08
1783984465.8787,16:14:25.878,0.94,0.33,-0.08
1783984466.3786,16:14:26.378,0.94,0.32,-0.08
1783984466.8778,16:14:26.877,0.93,0.36,-0.12
1783984467.3781,16:14:27.378,0.92,0.37,-0.14
1783984467.8781,16:14:27.878,0.92,0.37,-0.14
1783984468.3774,16:14:28.377,0.91,0.38,-0.15
1783984468.8776,16:14:28.877,0.91,0.39,-0.16
1783984469.3776,16:14:29.377,0.90,0.40,-0.15
1783984469.8768,16:14:29.876,0.90,0.40,-0.13
1783984470.3769,16:14:30.376,0.89,0.43,-0.16
1783984470.8769,16:14:30.876,0.89,0.43,-0.16
1783984471.3769,16:14:31.376,0.90,0.41,-0.13
1783984471.8766,16:14:31.876,0.91,0.39,-0.11
1783984472.3766,16:14:32.376,0.91,0.39,-0.11
1783984472.8761,16:14:32.876,0.90,0.41,-0.12
1783984473.3761,16:14:33.376,0.88,0.45,-0.16
1783984473.8762,16:14:33.876,0.88,0.45,-0.16
1783984474.3758,16:14:34.375,0.86,0.48,-0.18
1783984474.8757,16:14:34.875,0.86,0.48,-0.20
1783984475.3757,16:14:35.375,0.86,0.47,-0.19
1783984475.8758,16:14:35.875,0.88,0.44,-0.17
1783984476.3752,16:14:36.375,0.91,0.39,-0.11
1783984476.8755,16:14:36.875,0.91,0.40,-0.12
1783984477.3754,16:14:37.375,0.91,0.40,-0.13
1783984477.8747,16:14:37.874,0.87,0.47,-0.18
1783984478.3749,16:14:38.374,0.87,0.47,-0.18
1783984478.8746,16:14:38.874,0.87,0.45,-0.19
1783984479.3738,16:14:39.373,0.88,0.44,-0.19
1783984479.8741,16:14:39.874,0.89,0.42,-0.17
1783984480.3739,16:14:40.373,0.89,0.42,-0.17
1783984480.8737,16:14:40.873,0.92,0.36,-0.13
1783984481.374,16:14:41.374,0.92,0.36,-0.13
1783984481.8735,16:14:41.873,0.92,0.36,-0.13
1783984482.373,16:14:42.373,0.91,0.40,-0.14
1783984482.8734,16:14:42.873,0.91,0.40,-0.14
1783984483.3735,16:14:43.373,0.91,0.39,-0.13
1783984483.8733,16:14:43.873,0.89,0.42,-0.14
1783984484.3734,16:14:44.373,0.89,0.42,-0.14
1783984484.8738,16:14:44.873,0.92,0.38,-0.11
1783984485.3735,16:14:45.373,0.96,0.29,-0.03
1783984485.8731,16:14:45.873,0.97,0.24,0.00
1783984486.373,16:14:46.373,0.97,0.23,0.00
1783984486.8728,16:14:46.872,0.97,0.23,0.00
1783984487.3727,16:14:47.372,0.96,0.27,-0.03
1783984487.8731,16:14:47.873,0.93,0.35,-0.08
1783984488.3727,16:14:48.372,0.93,0.35,-0.08
1783984488.8719,16:14:48.871,0.93,0.35,-0.07
1783984489.372,16:14:49.372,0.94,0.34,-0.07
1783984489.8716,16:14:49.871,0.93,0.37,-0.10
1783984490.3712,16:14:50.371,0.93,0.36,-0.10
1783984490.8717,16:14:50.871,0.93,0.35,-0.10
1783984491.3717,16:14:51.371,0.95,0.30,-0.06
1783984491.8712,16:14:51.871,0.95,0.30,-0.06
1783984492.3714,16:14:52.371,0.96,0.29,-0.05
1783984492.8711,16:14:52.871,0.95,0.32,-0.06
1783984493.3711,16:14:53.371,0.95,0.31,-0.05
1783984493.8714,16:14:53.871,0.95,0.31,-0.05
1783984494.3712,16:14:54.371,0.95,0.30,-0.05
1783984494.8709,16:14:54.870,0.94,0.32,-0.09
1783984495.3713,16:14:55.371,0.94,0.33,-0.11
1783984495.871,16:14:55.871,0.93,0.34,-0.13
1783984496.3704,16:14:56.370,0.93,0.35,-0.13
1783984496.8702,16:14:56.870,0.93,0.35,-0.12
1783984497.37,16:14:57.370,0.93,0.36,-0.10
1783984497.8695,16:14:57.869,0.92,0.38,-0.12
1783984498.3691,16:14:58.369,0.91,0.40,-0.14
1783984498.8692,16:14:58.869,0.91,0.41,-0.11
1783984499.369,16:14:59.369,0.91,0.41,-0.11
1783984499.8692,16:14:59.869,0.89,0.44,-0.14
1783984500.3689,16:15:00.368,0.89,0.43,-0.17
1783984500.8686,16:15:00.868,0.94,0.34,-0.08
1783984501.3683,16:15:01.368,0.94,0.33,-0.09
1783984501.8686,16:15:01.868,0.94,0.32,-0.08
1783984502.3679,16:15:02.367,0.89,0.45,-0.13
1783984502.8679,16:15:02.867,0.97,0.23,0.08
1783984503.368,16:15:03.368,0.97,0.22,0.09
1783984503.8676,16:15:03.867,0.97,0.20,0.12
1783984504.3675,16:15:04.367,0.97,0.16,0.16
1783984504.8675,16:15:04.867,0.97,0.14,0.19
1783984505.3673,16:15:05.367,0.97,0.13,0.21
1783984505.8667,16:15:05.866,0.97,0.13,0.19
1783984506.367,16:15:06.367,0.97,0.14,0.18
1783984506.8668,16:15:06.866,0.97,0.13,0.18
1783984507.3663,16:15:07.366,0.97,0.10,0.21
1783984507.8663,16:15:07.866,0.97,0.09,0.22
1783984508.3664,16:15:08.366,0.97,0.08,0.21
1783984508.8658,16:15:08.865,0.97,0.09,0.21
1783984509.3659,16:15:09.365,0.97,0.09,0.21
1783984509.8653,16:15:09.865,0.97,0.09,0.21
1783984510.3651,16:15:10.365,0.97,0.07,0.22
1783984510.8652,16:15:10.865,0.97,0.05,0.23
1783984511.3656,16:15:11.365,0.97,0.06,0.23
1783984511.8651,16:15:11.865,0.97,0.05,0.23
1783984512.3651,16:15:12.365,0.97,0.03,0.24
1783984512.865,16:15:12.865,0.97,0.03,0.24
1783984513.364,16:15:13.364,0.97,0.03,0.25
1783984513.8641,16:15:13.864,0.96,0.02,0.26
1783984514.3641,16:15:14.364,0.88,0.47,-0.03
1783984514.8636,16:15:14.863,0.87,0.49,-0.07
1783984515.3636,16:15:15.363,0.87,0.49,-0.08
1783984515.8639,16:15:15.863,0.88,0.47,-0.11
1783984516.3633,16:15:16.363,0.88,0.45,-0.13
1783984516.863,16:15:16.863,0.90,0.42,-0.13
1783984517.3634,16:15:17.363,0.90,0.42,-0.14
1783984517.8635,16:15:17.863,0.90,0.42,-0.13
1783984518.3635,16:15:18.363,0.90,0.42,-0.14
1783984518.8634,16:15:18.863,0.90,0.41,-0.14
1783984519.363,16:15:19.363,0.92,0.38,-0.12
1783984519.8626,16:15:19.862,0.93,0.35,-0.11
1783984520.3625,16:15:20.362,0.93,0.35,-0.11
1783984520.8621,16:15:20.862,0.93,0.36,-0.11
1783984521.362,16:15:21.362,0.92,0.37,-0.10
1783984521.862,16:15:21.862,0.92,0.39,-0.10
1783984522.3617,16:15:22.361,0.93,0.36,-0.08
1783984522.8615,16:15:22.861,0.93,0.36,-0.08
1783984523.3616,16:15:23.361,0.93,0.36,-0.08
1783984523.8614,16:15:23.861,0.90,0.42,-0.12
1783984524.3607,16:15:24.360,0.89,0.44,-0.13
1783984524.8605,16:15:24.860,0.89,0.43,-0.13
1783984525.3603,16:15:25.360,0.89,0.43,-0.13
1783984525.8601,16:15:25.860,0.89,0.44,-0.12
1783984526.3602,16:15:26.360,0.88,0.46,-0.14
1783984526.8602,16:15:26.860,0.87,0.47,-0.16
1783984527.3597,16:15:27.359,0.87,0.46,-0.16
1783984527.8594,16:15:27.859,0.88,0.45,-0.16
1783984528.3599,16:15:28.359,0.88,0.45,-0.16
1783984528.8591,16:15:28.859,0.91,0.40,-0.12
1783984529.3591,16:15:29.359,0.95,0.32,-0.07
1783984529.859,16:15:29.859,0.95,0.31,-0.08
1783984530.3582,16:15:30.358,0.93,0.34,-0.11
1783984530.8585,16:15:30.858,0.92,0.37,-0.12
1783984531.3585,16:15:31.358,0.92,0.38,-0.11
1783984531.8578,16:15:31.857,0.92,0.38,-0.11
1783984532.3574,16:15:32.357,0.91,0.40,-0.14
1783984532.8581,16:15:32.858,0.89,0.43,-0.17
1783984533.3579,16:15:33.357,0.88,0.44,-0.16
1783984533.8578,16:15:33.857,0.89,0.43,-0.14
1783984534.3582,16:15:34.358,0.92,0.38,-0.11
1783984534.8581,16:15:34.858,0.92,0.37,-0.13
1783984535.3577,16:15:35.357,0.92,0.36,-0.13
1783984535.8576,16:15:35.857,0.92,0.36,-0.13
1783984536.3575,16:15:36.357,0.90,0.40,-0.18
1783984536.8576,16:15:36.857,0.89,0.41,-0.19
1783984537.3578,16:15:37.357,0.88,0.44,-0.21
1783984537.8575,16:15:37.857,0.86,0.47,-0.20
1783984538.3573,16:15:38.357,0.87,0.46,-0.20
1783984538.8575,16:15:38.857,0.91,0.39,-0.14
1783984539.357,16:15:39.357,0.92,0.37,-0.12
1783984539.8561,16:15:39.856,0.94,0.33,-0.08
1783984540.356,16:15:40.356,0.96,0.28,-0.04
1783984540.8557,16:15:40.855,0.96,0.27,-0.02
1783984541.3554,16:15:41.355,0.97,0.26,-0.03
1783984541.8556,16:15:41.855,0.96,0.27,-0.03
1783984542.3555,16:15:42.355,0.96,0.28,-0.05
1783984542.8545,16:15:42.854,0.95,0.29,-0.06
1783984543.3544,16:15:43.354,0.92,0.37,-0.12
1783984543.8546,16:15:43.854,0.93,0.36,-0.12
1783984544.3539,16:15:44.353,0.90,0.39,-0.17
1783984544.8539,16:15:44.853,0.90,0.40,-0.17
1783984545.3542,16:15:45.354,0.90,0.41,-0.17
1783984545.8534,16:15:45.853,0.90,0.41,-0.17
1783984546.3533,16:15:46.353,0.89,0.40,-0.20
1783984546.8533,16:15:46.853,0.88,0.42,-0.22
1783984547.3526,16:15:47.352,0.88,0.42,-0.22
1783984547.8524,16:15:47.852,0.88,0.42,-0.21
1783984548.3526,16:15:48.352,0.91,0.38,-0.15
1783984548.8519,16:15:48.851,0.91,0.39,-0.13
1783984549.3518,16:15:49.351,0.92,0.38,-0.13
1783984549.8523,16:15:49.852,0.92,0.38,-0.13
1783984550.3517,16:15:50.351,0.92,0.37,-0.12
1783984550.8514,16:15:50.851,0.92,0.37,-0.12
1783984551.3516,16:15:51.351,0.92,0.37,-0.12
1783984551.8509,16:15:51.850,0.92,0.37,-0.13
1783984552.3507,16:15:52.350,0.92,0.38,-0.14
1783984552.8509,16:15:52.850,0.92,0.37,-0.14
1783984553.3508,16:15:53.350,0.91,0.38,-0.15
1783984553.8509,16:15:53.850,0.91,0.39,-0.16
1783984554.3509,16:15:54.350,0.91,0.39,-0.16
1783984554.851,16:15:54.851,0.91,0.38,-0.15
1783984555.3505,16:15:55.350,0.93,0.33,-0.15
1783984555.8506,16:15:55.850,0.95,0.28,-0.10
1783984556.3502,16:15:56.350,0.95,0.28,-0.10
1783984556.8499,16:15:56.849,0.95,0.29,-0.07
1783984557.3499,16:15:57.349,0.95,0.29,-0.06
1783984557.8501,16:15:57.850,0.95,0.30,-0.07
1783984558.3492,16:15:58.349,0.94,0.34,-0.11
1783984558.8494,16:15:58.849,0.93,0.36,-0.12
1783984559.3495,16:15:59.349,0.93,0.35,-0.12
1783984559.8487,16:15:59.848,0.92,0.37,-0.13
1783984560.3492,16:16:00.349,0.92,0.37,-0.13
1783984560.8491,16:16:00.849,0.92,0.36,-0.13
1783984561.349,16:16:01.349,0.92,0.37,-0.11
1783984561.8492,16:16:01.849,0.92,0.37,-0.11
1783984562.3491,16:16:02.349,0.92,0.37,-0.11
1783984562.8485,16:16:02.848,0.92,0.37,-0.11
1783984563.3488,16:16:03.348,0.91,0.40,-0.13
1783984563.849,16:16:03.849,0.90,0.41,-0.15
1783984564.3487,16:16:04.348,0.88,0.45,-0.17
1783984564.8489,16:16:04.848,0.88,0.43,-0.18
1783984565.349,16:16:05.349,0.92,0.38,-0.13
1783984565.8484,16:16:05.848,0.91,0.39,-0.13
1783984566.3481,16:16:06.348,0.91,0.40,-0.12
1783984566.8481,16:16:06.848,0.89,0.43,-0.14
1783984567.3478,16:16:07.347,0.89,0.43,-0.15
1783984567.8472,16:16:07.847,0.89,0.42,-0.18
1783984568.3478,16:16:08.347,0.88,0.44,-0.19
1783984568.8475,16:16:08.847,0.88,0.44,-0.19
1783984569.3465,16:16:09.346,0.87,0.45,-0.19
1783984569.8468,16:16:09.846,0.86,0.46,-0.21
1783984570.3468,16:16:10.346,0.87,0.45,-0.21
1783984570.8463,16:16:10.846,0.92,0.38,-0.14
1783984571.3463,16:16:11.346,0.92,0.36,-0.13
1783984571.8464,16:16:11.846,0.93,0.35,-0.10
1783984572.346,16:16:12.346,0.93,0.36,-0.09
1783984572.8464,16:16:12.846,0.93,0.36,-0.07
1783984573.346,16:16:13.346,0.93,0.36,-0.07
1783984573.8455,16:16:13.845,0.92,0.38,-0.11
1783984574.3458,16:16:14.345,0.89,0.43,-0.15
1783984574.8457,16:16:14.845,0.89,0.43,-0.15
1783984575.3453,16:16:15.345,0.89,0.43,-0.15
1783984575.8454,16:16:15.845,0.91,0.40,-0.12
1783984576.3456,16:16:16.345,0.91,0.39,-0.12
1783984576.8447,16:16:16.844,0.92,0.38,-0.12
1783984577.3445,16:16:17.344,0.90,0.42,-0.16
1783984577.8447,16:16:17.844,0.90,0.41,-0.17
1783984578.3448,16:16:18.344,0.90,0.41,-0.17
1783984578.8442,16:16:18.844,0.92,0.38,-0.14
1783984579.3443,16:16:19.344,0.92,0.38,-0.14
1783984579.8437,16:16:19.843,0.90,0.40,-0.16
1783984580.3438,16:16:20.343,0.90,0.41,-0.14
1783984580.8448,16:16:20.844,0.90,0.41,-0.13
1783984581.3447,16:16:21.344,0.89,0.43,-0.14
1783984581.8445,16:16:21.844,0.89,0.42,-0.15
1783984582.3448,16:16:22.344,0.90,0.40,-0.14
1783984582.845,16:16:22.845,0.92,0.37,-0.14
1783984583.3449,16:16:23.344,0.92,0.38,-0.13
1783984583.8449,16:16:23.844,0.92,0.37,-0.15
1783984584.3439,16:16:24.343,0.92,0.37,-0.15
1783984584.8433,16:16:24.843,0.91,0.37,-0.17
1783984585.344,16:16:25.344,0.91,0.39,-0.18
1783984585.8432,16:16:25.843,0.90,0.39,-0.19
1783984586.3429,16:16:26.342,0.88,0.42,-0.22
1783984586.8431,16:16:26.843,0.88,0.42,-0.22
1783984587.3425,16:16:27.342,0.90,0.39,-0.20
1783984587.8422,16:16:27.842,0.90,0.39,-0.17
1783984588.3424,16:16:28.342,0.87,0.45,-0.20
1783984588.8417,16:16:28.841,0.85,0.48,-0.22
1783984589.3411,16:16:29.341,0.85,0.48,-0.22
1783984589.841,16:16:29.841,0.89,0.42,-0.19
1783984590.3407,16:16:30.340,0.89,0.42,-0.19
1783984590.8406,16:16:30.840,0.86,0.45,-0.23
1783984591.3404,16:16:31.340,0.85,0.46,-0.24
1783984591.8402,16:16:31.840,0.84,0.47,-0.26
1783984592.3398,16:16:32.339,0.84,0.47,-0.26
1783984592.8396,16:16:32.839,0.89,0.41,-0.18
1783984593.3398,16:16:33.339,0.91,0.39,-0.16
1783984593.8397,16:16:33.839,0.91,0.39,-0.15
1783984594.3397,16:16:34.339,0.91,0.39,-0.14
1783984594.84,16:16:34.840,0.89,0.43,-0.16
1783984595.3392,16:16:35.339,0.84,0.50,-0.20
1783984595.8389,16:16:35.838,0.82,0.53,-0.20
1783984596.3393,16:16:36.339,0.83,0.53,-0.18
1783984596.8387,16:16:36.838,0.97,0.25,0.06
1783984597.338,16:16:37.338,0.84,0.52,-0.15
1783984597.8382,16:16:37.838,0.87,0.47,-0.11
1783984598.3377,16:16:38.337,0.87,0.47,-0.13
1783984598.8375,16:16:38.837,0.87,0.47,-0.17
1783984599.3376,16:16:39.337,0.88,0.44,-0.17
1783984599.837,16:16:39.837,0.90,0.42,-0.16
1783984600.3365,16:16:40.336,0.90,0.40,-0.16
1783984600.8369,16:16:40.836,0.92,0.36,-0.13
1783984601.3366,16:16:41.336,0.95,0.29,-0.08
1783984601.8366,16:16:41.836,0.95,0.31,-0.08
1783984602.3371,16:16:42.337,0.94,0.33,-0.10
1783984602.8369,16:16:42.836,0.91,0.38,-0.14
1783984603.3366,16:16:43.336,0.91,0.38,-0.14
1783984603.837,16:16:43.837,0.92,0.38,-0.13
1783984604.3367,16:16:44.336,0.92,0.37,-0.13
1783984604.8359,16:16:44.835,0.92,0.38,-0.13
1783984605.3358,16:16:45.335,0.92,0.38,-0.12
1783984605.8356,16:16:45.835,0.91,0.39,-0.13
1783984606.3352,16:16:46.335,0.91,0.39,-0.14
1783984606.8349,16:16:46.834,0.91,0.39,-0.13
1783984607.3357,16:16:47.335,0.91,0.39,-0.12
1783984607.835,16:16:47.835,0.92,0.38,-0.12
1783984608.3346,16:16:48.334,0.92,0.37,-0.13
1783984608.8347,16:16:48.834,0.92,0.37,-0.15
1783984609.3339,16:16:49.333,0.92,0.37,-0.15
1783984609.834,16:16:49.834,0.93,0.34,-0.13
1783984610.3346,16:16:50.334,0.93,0.35,-0.10
1783984610.8343,16:16:50.834,0.93,0.36,-0.10
1783984611.3337,16:16:51.333,0.92,0.37,-0.12
1783984611.8336,16:16:51.833,0.92,0.37,-0.13
1783984612.3328,16:16:52.332,0.90,0.40,-0.16
1783984612.8325,16:16:52.832,0.89,0.42,-0.17
1783984613.3327,16:16:53.332,0.89,0.43,-0.18
1783984613.8327,16:16:53.832,0.89,0.43,-0.16
1783984614.3325,16:16:54.332,0.89,0.44,-0.16
1783984614.8326,16:16:54.832,0.88,0.44,-0.17
1783984615.3324,16:16:55.332,0.90,0.42,-0.15
1783984615.8315,16:16:55.831,0.89,0.42,-0.16
1783984616.3319,16:16:56.331,0.88,0.44,-0.20
1783984616.8317,16:16:56.831,0.86,0.45,-0.22
1783984617.3311,16:16:57.331,0.85,0.47,-0.24
1783984617.8313,16:16:57.831,0.84,0.48,-0.24
1783984618.331,16:16:58.331,0.82,0.50,-0.27
1783984618.8308,16:16:58.830,0.82,0.50,-0.27
1783984619.3309,16:16:59.330,0.82,0.51,-0.26
1783984619.8305,16:16:59.830,0.82,0.51,-0.26
1783984620.3301,16:17:00.330,0.82,0.51,-0.27
1783984620.8299,16:17:00.829,0.83,0.50,-0.26
1783984621.3298,16:17:01.329,0.86,0.46,-0.22
1783984621.8296,16:17:01.829,0.89,0.42,-0.18
1783984622.3297,16:17:02.329,0.91,0.39,-0.15
1783984622.8297,16:17:02.829,0.91,0.39,-0.15
1783984623.329,16:17:03.329,0.90,0.41,-0.16
1783984623.8288,16:17:03.828,0.88,0.44,-0.19
1783984624.3293,16:17:04.329,0.87,0.45,-0.18
1783984624.8288,16:17:04.828,0.87,0.46,-0.17
1783984625.3291,16:17:05.329,0.86,0.47,-0.18
1783984625.8293,16:17:05.829,0.87,0.46,-0.18
1783984626.3291,16:17:06.329,0.87,0.45,-0.19
1783984626.8288,16:17:06.828,0.91,0.39,-0.15
1783984627.3286,16:17:07.328,0.91,0.39,-0.16
1783984627.8281,16:17:07.828,0.91,0.39,-0.16
1783984628.3279,16:17:08.327,0.90,0.39,-0.18
1783984628.8282,16:17:08.828,0.92,0.36,-0.15
1783984629.3274,16:17:09.327,0.92,0.36,-0.15
1783984629.8273,16:17:09.827,0.92,0.37,-0.14
1783984630.3279,16:17:10.327,0.91,0.40,-0.14
1783984630.8272,16:17:10.827,0.87,0.46,-0.19
1783984631.3268,16:17:11.326,0.87,0.45,-0.20
1783984631.8267,16:17:11.826,0.91,0.39,-0.17
1783984632.3263,16:17:12.326,0.91,0.39,-0.17
1783984632.8258,16:17:12.825,0.88,0.43,-0.21
1783984633.3258,16:17:13.325,0.87,0.44,-0.22
1783984633.8262,16:17:13.826,0.87,0.44,-0.22
1783984634.3258,16:17:14.325,0.87,0.43,-0.23
1783984634.8259,16:17:14.825,0.88,0.43,-0.22
1783984635.3257,16:17:15.325,0.89,0.41,-0.20
1783984635.8249,16:17:15.824,0.90,0.40,-0.18
1783984636.325,16:17:16.325,0.89,0.41,-0.18
1783984636.8258,16:17:16.825,0.90,0.41,-0.17
1783984637.3251,16:17:17.325,0.89,0.42,-0.19
1783984637.8253,16:17:17.825,0.88,0.44,-0.20
1783984638.3258,16:17:18.325,0.85,0.47,-0.23
1783984638.8254,16:17:18.825,0.84,0.49,-0.25
1783984639.3251,16:17:19.325,0.84,0.49,-0.25
1783984639.825,16:17:19.825,0.85,0.48,-0.23
1783984640.3243,16:17:20.324,0.87,0.45,-0.21
1783984640.8243,16:17:20.824,0.88,0.43,-0.20
1783984641.3245,16:17:21.324,0.88,0.44,-0.18
1783984641.8241,16:17:21.824,0.88,0.43,-0.19
1783984642.3242,16:17:22.324,0.86,0.46,-0.22
1783984642.8242,16:17:22.824,0.86,0.46,-0.22
1783984643.3237,16:17:23.323,0.89,0.41,-0.20
1783984643.8236,16:17:23.823,0.90,0.40,-0.17
1783984644.3235,16:17:24.323,0.90,0.39,-0.18
1783984644.8229,16:17:24.822,0.93,0.34,-0.12
1783984645.3224,16:17:25.322,0.95,0.29,-0.10
1783984645.8229,16:17:25.822,0.95,0.28,-0.11
1783984646.3221,16:17:26.322,0.95,0.28,-0.11
1783984646.822,16:17:26.822,0.95,0.30,-0.10
1783984647.322,16:17:27.322,0.94,0.32,-0.11
1783984647.8221,16:17:27.822,0.94,0.32,-0.12
1783984648.3217,16:17:28.321,0.95,0.29,-0.11
1783984648.8217,16:17:28.821,0.95,0.29,-0.11
1783984649.3217,16:17:29.321,0.95,0.29,-0.11
1783984649.8214,16:17:29.821,0.96,0.27,-0.08
1783984650.3212,16:17:30.321,0.96,0.27,-0.08
1783984650.8209,16:17:30.820,0.96,0.27,-0.08
1783984651.3203,16:17:31.320,0.95,0.30,-0.09
1783984651.8208,16:17:31.820,0.95,0.30,-0.07
1783984652.321,16:17:32.321,0.95,0.29,-0.07
1783984652.8207,16:17:32.820,0.95,0.31,-0.09
1783984653.3207,16:17:33.320,0.95,0.28,-0.10
1783984653.8204,16:17:33.820,0.95,0.28,-0.10
1783984654.3198,16:17:34.319,0.95,0.31,-0.11
1783984654.8196,16:17:34.819,0.92,0.36,-0.13
1783984655.3195,16:17:35.319,0.90,0.40,-0.16
1783984655.8189,16:17:35.818,0.88,0.42,-0.20
1783984656.3186,16:17:36.318,0.89,0.42,-0.20
1783984656.8186,16:17:36.818,0.87,0.45,-0.22
1783984657.3179,16:17:37.317,0.86,0.46,-0.23
1783984657.8181,16:17:37.818,0.86,0.46,-0.23
1783984658.3184,16:17:38.318,0.89,0.42,-0.19
1783984658.8178,16:17:38.817,0.92,0.37,-0.14
1783984659.3177,16:17:39.317,0.95,0.30,-0.06
1783984659.8177,16:17:39.817,0.96,0.27,-0.02
1783984660.3173,16:17:40.317,0.96,0.27,-0.02
1783984660.8173,16:17:40.817,0.95,0.31,-0.05
1783984661.3176,16:17:41.317,0.91,0.39,-0.12
1783984661.8176,16:17:41.817,0.92,0.38,-0.13
1783984662.3169,16:17:42.316,0.93,0.34,-0.12
1783984662.8167,16:17:42.816,0.95,0.29,-0.10
1783984663.3172,16:17:43.317,0.96,0.28,-0.09
1783984663.8163,16:17:43.816,0.96,0.28,-0.09
1783984664.3164,16:17:44.316,0.95,0.28,-0.11
1783984664.8167,16:17:44.816,0.94,0.30,-0.13
1783984665.3163,16:17:45.316,0.94,0.31,-0.14
1783984665.8164,16:17:45.816,0.92,0.35,-0.18
1783984666.3166,16:17:46.316,0.90,0.38,-0.20
1783984666.8157,16:17:46.815,0.91,0.36,-0.18
1783984667.3157,16:17:47.315,0.92,0.35,-0.17
1783984667.816,16:17:47.816,0.92,0.36,-0.17
1783984668.3152,16:17:48.315,0.91,0.36,-0.19
1783984668.8155,16:17:48.815,0.90,0.38,-0.19
1783984669.3157,16:17:49.315,0.91,0.38,-0.19
1783984669.8154,16:17:49.815,0.91,0.36,-0.18
1783984670.3152,16:17:50.315,0.94,0.31,-0.15
1783984670.8155,16:17:50.815,0.94,0.31,-0.15
1783984671.3149,16:17:51.314,0.93,0.32,-0.15
1783984671.8144,16:17:51.814,0.93,0.34,-0.16
1783984672.3146,16:17:52.314,0.90,0.38,-0.20
1783984672.8143,16:17:52.814,0.90,0.38,-0.21
1783984673.3139,16:17:53.313,0.89,0.39,-0.22
1783984673.814,16:17:53.814,0.89,0.40,-0.23
1783984674.3136,16:17:54.313,0.89,0.40,-0.23
1783984674.8132,16:17:54.813,0.89,0.39,-0.22
1783984675.3135,16:17:55.313,0.91,0.36,-0.20
1783984675.8131,16:17:55.813,0.92,0.35,-0.18
1783984676.3126,16:17:56.312,0.93,0.33,-0.14
1783984676.8126,16:17:56.812,0.94,0.32,-0.13
1783984677.3125,16:17:57.312,0.94,0.33,-0.13
1783984677.8119,16:17:57.811,0.93,0.33,-0.15
1783984678.3124,16:17:58.312,0.94,0.31,-0.13
1783984678.8124,16:17:58.812,0.96,0.28,-0.10
1783984679.3121,16:17:59.312,0.95,0.28,-0.10
1783984679.8125,16:17:59.812,0.94,0.30,-0.13
1783984680.3122,16:18:00.312,0.93,0.33,-0.16
1783984680.8114,16:18:00.811,0.91,0.36,-0.21
1783984681.3113,16:18:01.311,0.90,0.38,-0.23
1783984681.8113,16:18:01.811,0.89,0.39,-0.24
1783984682.3104,16:18:02.310,0.88,0.40,-0.26
1783984682.811,16:18:02.811,0.88,0.40,-0.26
1783984683.3111,16:18:03.311,0.88,0.39,-0.26
1783984683.8107,16:18:03.810,0.88,0.40,-0.24
1783984684.3111,16:18:04.311,0.88,0.40,-0.24
1783984684.811,16:18:04.811,0.90,0.37,-0.23
1783984685.3104,16:18:05.310,0.91,0.37,-0.21
1783984685.8105,16:18:05.810,0.90,0.39,-0.21
1783984686.3107,16:18:06.310,0.90,0.39,-0.21
1783984686.81,16:18:06.810,0.90,0.38,-0.21
1783984687.3094,16:18:07.309,0.93,0.35,-0.14
1783984687.8097,16:18:07.809,0.92,0.36,-0.14
1783984688.3091,16:18:08.309,0.92,0.36,-0.14
1783984688.809,16:18:08.809,0.91,0.39,-0.17
1783984689.309,16:18:09.309,0.89,0.40,-0.22
1783984689.8087,16:18:09.808,0.87,0.43,-0.25
1783984690.3081,16:18:10.308,0.85,0.45,-0.27
1783984690.8082,16:18:10.808,0.86,0.44,-0.25
1783984691.3083,16:18:11.308,0.87,0.42,-0.26
1783984691.8084,16:18:11.808,0.88,0.41,-0.25
1783984692.3085,16:18:12.308,0.90,0.37,-0.21
1783984692.8084,16:18:12.808,0.91,0.37,-0.20
1783984693.3076,16:18:13.307,0.89,0.40,-0.23
1783984693.8074,16:18:13.807,0.85,0.45,-0.27
1783984694.3073,16:18:14.307,0.85,0.45,-0.28
1783984694.8065,16:18:14.806,0.85,0.45,-0.27
1783984695.3068,16:18:15.306,0.87,0.42,-0.24
1783984695.8068,16:18:15.806,0.92,0.35,-0.16
1783984696.3061,16:18:16.306,0.94,0.32,-0.13
1783984696.8063,16:18:16.806,0.95,0.30,-0.10
1783984697.3059,16:18:17.305,0.95,0.31,-0.10
1783984697.8051,16:18:17.805,0.94,0.31,-0.11
1783984698.3054,16:18:18.305,0.91,0.39,-0.15
1783984698.8058,16:18:18.805,0.87,0.46,-0.18
1783984699.3051,16:18:19.305,0.97,0.22,0.06
1783984699.8047,16:18:19.804,0.97,0.24,0.07
1783984700.3048,16:18:20.304,0.97,0.24,0.10
1783984700.804,16:18:20.804,0.97,0.23,0.12
1783984701.3037,16:18:21.303,0.96,0.24,0.13
1783984701.8041,16:18:21.804,0.96,0.26,0.12
1783984702.3036,16:18:22.303,0.95,0.30,0.08
1783984702.8038,16:18:22.803,0.94,0.32,0.07
1783984703.3038,16:18:23.303,0.94,0.32,0.07
1783984703.8036,16:18:23.803,0.94,0.32,0.07
1783984704.3032,16:18:24.303,0.95,0.31,0.08
1783984704.8033,16:18:24.803,0.95,0.31,0.08
1783984705.303,16:18:25.303,0.95,0.29,0.10
1783984705.8025,16:18:25.802,0.97,0.21,0.15
1783984706.3028,16:18:26.302,0.97,0.13,0.20
1783984706.8025,16:18:26.802,0.97,0.08,0.23
1783984707.3021,16:18:27.302,0.96,0.02,0.27
1783984707.8024,16:18:27.802,0.96,0.00,0.27
1783984708.3022,16:18:28.302,0.95,-0.04,0.29
1783984708.8015,16:18:28.801,0.95,-0.06,0.31
1783984709.3015,16:18:29.301,0.95,-0.05,0.31
1783984709.8016,16:18:29.801,0.95,-0.04,0.30
1783984710.301,16:18:30.301,0.95,-0.05,0.29
1783984710.8013,16:18:30.801,0.95,-0.05,0.30
1783984711.3013,16:18:31.301,0.95,-0.05,0.29
1783984711.8008,16:18:31.800,0.96,-0.01,0.28
1783984712.3008,16:18:32.300,0.96,-0.01,0.27
1783984712.8006,16:18:32.800,0.96,-0.02,0.27
1783984713.3001,16:18:33.300,0.95,-0.06,0.30
1783984713.8005,16:18:33.800,0.95,-0.06,0.30
1783984714.301,16:18:34.301,0.95,-0.07,0.30
1783984714.8006,16:18:34.800,0.96,-0.03,0.28
1783984715.3011,16:18:35.301,0.97,0.02,0.26
1783984715.8009,16:18:35.800,0.97,0.07,0.23
1783984716.3004,16:18:36.300,0.97,0.08,0.22
1783984716.8,16:18:36.800,0.97,0.09,0.22
1783984717.3006,16:18:37.300,0.97,0.05,0.24
1783984717.8,16:18:37.800,0.96,0.01,0.26
1783984718.2997,16:18:38.299,0.96,0.01,0.27
1783984718.8005,16:18:38.800,0.96,-0.01,0.27
1783984719.3004,16:18:39.300,0.96,-0.01,0.26
1783984719.8006,16:18:39.800,0.96,-0.03,0.28
1783984720.3005,16:18:40.300,0.96,-0.03,0.28
1783984720.7997,16:18:40.799,0.95,-0.06,0.30
1783984721.2992,16:18:41.299,0.96,0.26,0.10
1783984721.7992,16:18:41.799,0.93,0.36,0.03
1783984722.2986,16:18:42.298,0.91,0.41,-0.03
1783984722.7985,16:18:42.798,0.91,0.40,-0.07
1783984723.2991,16:18:43.299,0.91,0.42,-0.07
1783984723.7988,16:18:43.798,0.98,0.09,0.19
1783984724.2984,16:18:44.298,0.98,0.08,0.20
1783984724.7987,16:18:44.798,0.97,0.09,0.21
1783984725.2983,16:18:45.298,0.97,0.10,0.21
1783984725.7976,16:18:45.797,0.97,0.11,0.21
1783984726.2976,16:18:46.297,0.97,0.11,0.22
1783984726.7979,16:18:46.797,0.97,0.09,0.23
1783984727.2973,16:18:47.297,0.97,0.04,0.26
1783984727.7972,16:18:47.797,0.96,-0.01,0.28
1783984728.297,16:18:48.297,0.96,-0.04,0.29
1783984728.7969,16:18:48.796,0.95,-0.06,0.30
1783984729.2967,16:18:49.296,0.95,-0.06,0.30
1783984729.797,16:18:49.797,0.95,-0.07,0.30
1783984730.2964,16:18:50.296,0.95,-0.09,0.30
1783984730.7959,16:18:50.795,0.95,-0.09,0.30
1783984731.2957,16:18:51.295,0.94,-0.09,0.32
1783984731.7949,16:18:51.794,0.95,-0.06,0.32
1783984732.2947,16:18:52.294,0.97,0.15,0.18
1783984732.7949,16:18:52.794,0.96,0.24,0.13
1783984733.2945,16:18:53.294,0.93,0.37,0.03
1783984733.7941,16:18:53.794,0.91,0.41,-0.02
1783984734.2948,16:18:54.294,0.91,0.41,-0.06
1783984734.7945,16:18:54.794,0.91,0.40,-0.10
1783984735.2938,16:18:55.293,0.90,0.41,-0.14
1783984735.7938,16:18:55.793,0.92,0.38,-0.12
1783984736.2933,16:18:56.293,0.93,0.36,-0.11
1783984736.7929,16:18:56.792,0.93,0.36,-0.13
1783984737.2936,16:18:57.293,0.91,0.38,-0.17
1783984737.7934,16:18:57.793,0.90,0.38,-0.20
1783984738.2933,16:18:58.293,0.90,0.38,-0.22
1783984738.7933,16:18:58.793,0.90,0.37,-0.22
1783984739.2934,16:18:59.293,0.89,0.39,-0.24
1783984739.7932,16:18:59.793,0.87,0.42,-0.26
1783984740.2933,16:19:00.293,0.87,0.42,-0.26
1783984740.7929,16:19:00.792,0.87,0.42,-0.26
1783984741.2926,16:19:01.292,0.88,0.41,-0.25
1783984741.7932,16:19:01.793,0.89,0.40,-0.23
1783984742.2927,16:19:02.292,0.89,0.38,-0.24
1783984742.7922,16:19:02.792,0.91,0.37,-0.21
1783984743.2924,16:19:03.292,0.91,0.36,-0.21
1783984743.7924,16:19:03.792,0.91,0.36,-0.20
1783984744.2919,16:19:04.291,0.91,0.36,-0.20
1783984744.7918,16:19:04.791,0.92,0.35,-0.17
1783984745.2922,16:19:05.292,0.93,0.32,-0.15
1783984745.7919,16:19:05.791,0.95,0.29,-0.10
1783984746.2917,16:19:06.291,0.97,0.24,-0.06
1783984746.7912,16:19:06.791,0.97,0.24,-0.06
1783984747.2907,16:19:07.290,0.97,0.23,-0.04
1783984747.7908,16:19:07.790,0.97,0.23,-0.04
1783984748.2906,16:19:08.290,0.97,0.25,-0.07
1783984748.79,16:19:08.790,0.96,0.25,-0.07
1783984749.29,16:19:09.290,0.95,0.29,-0.10
1783984749.7903,16:19:09.790,0.94,0.33,-0.12
1783984750.2893,16:19:10.289,0.88,0.42,-0.21
1783984750.789,16:19:10.789,0.87,0.43,-0.23
1783984751.2893,16:19:11.289,0.87,0.42,-0.25
1783984751.7885,16:19:11.788,0.86,0.44,-0.25
1783984752.288,16:19:12.288,0.87,0.43,-0.25
1783984752.7884,16:19:12.788,0.86,0.44,-0.24
1783984753.2883,16:19:13.288,0.87,0.44,-0.24
1783984753.7881,16:19:13.788,0.86,0.43,-0.25
1783984754.288,16:19:14.288,0.87,0.42,-0.24
1783984754.7879,16:19:14.787,0.88,0.42,-0.23
1783984755.2874,16:19:15.287,0.88,0.42,-0.21
1783984755.7878,16:19:15.787,0.91,0.37,-0.17
1783984756.2877,16:19:16.287,0.92,0.37,-0.15
1783984756.7869,16:19:16.786,0.92,0.36,-0.15
1783984757.2874,16:19:17.287,0.91,0.37,-0.18
1783984757.7876,16:19:17.787,0.90,0.39,-0.20
1783984758.2871,16:19:18.287,0.89,0.40,-0.20
1783984758.7869,16:19:18.786,0.87,0.44,-0.24
1783984759.287,16:19:19.287,0.86,0.47,-0.19
1783984759.7862,16:19:19.786,0.86,0.47,-0.21
1783984760.2867,16:19:20.286,0.89,0.43,-0.19
1783984760.7865,16:19:20.786,0.89,0.41,-0.18
1783984761.2857,16:19:21.285,0.91,0.38,-0.17
1783984761.7858,16:19:21.785,0.92,0.36,-0.13
1783984762.286,16:19:22.286,0.92,0.36,-0.13
1783984762.7853,16:19:22.785,0.92,0.36,-0.13
1783984763.2853,16:19:23.285,0.93,0.36,-0.13
1783984763.7856,16:19:23.785,0.93,0.36,-0.09
1783984764.2856,16:19:24.285,0.93,0.35,-0.09
1783984764.7855,16:19:24.785,0.93,0.35,-0.08
1783984765.2851,16:19:25.285,0.93,0.36,-0.08
1783984765.7848,16:19:25.784,0.91,0.40,-0.12
1783984766.2848,16:19:26.284,0.90,0.42,-0.14
1783984766.7847,16:19:26.784,0.89,0.43,-0.17
1783984767.2839,16:19:27.283,0.90,0.42,-0.16
1783984767.7844,16:19:27.784,0.89,0.42,-0.17
1783984768.2846,16:19:28.284,0.90,0.41,-0.16
1783984768.7848,16:19:28.784,0.92,0.38,-0.12
1783984769.2843,16:19:29.284,0.92,0.37,-0.13
1783984769.7845,16:19:29.784,0.92,0.37,-0.14
1783984770.284,16:19:30.284,0.90,0.40,-0.18
1783984770.7832,16:19:30.783,0.90,0.41,-0.17
1783984771.2831,16:19:31.283,0.90,0.41,-0.17
1783984771.7827,16:19:31.782,0.90,0.40,-0.16
1783984772.282,16:19:32.282,0.90,0.39,-0.16
1783984772.782,16:19:32.782,0.93,0.35,-0.12
1783984773.2819,16:19:33.281,0.94,0.33,-0.10
1783984773.7811,16:19:33.781,0.94,0.33,-0.10
1783984774.281,16:19:34.281,0.94,0.33,-0.10
1783984774.7806,16:19:34.780,0.94,0.33,-0.11
1783984775.2802,16:19:35.280,0.95,0.30,-0.10
1783984775.7802,16:19:35.780,0.95,0.31,-0.09
1783984776.2805,16:19:36.280,0.94,0.32,-0.11
1783984776.7799,16:19:36.779,0.94,0.33,-0.11
1783984777.28,16:19:37.280,0.93,0.34,-0.12
1783984777.7802,16:19:37.780,0.92,0.36,-0.14
1783984778.2795,16:19:38.279,0.92,0.36,-0.14
1783984778.7793,16:19:38.779,0.91,0.38,-0.16
1783984779.2798,16:19:39.279,0.90,0.40,-0.17
1783984779.7792,16:19:39.779,0.90,0.41,-0.16
1783984780.2795,16:19:40.279,0.89,0.43,-0.17
1783984780.7795,16:19:40.779,0.88,0.44,-0.19
1783984781.279,16:19:41.279,0.86,0.46,-0.22
1783984781.7787,16:19:41.778,0.86,0.45,-0.22
1783984782.2791,16:19:42.279,0.88,0.44,-0.20
1783984782.779,16:19:42.779,0.88,0.43,-0.19
1783984783.2788,16:19:43.278,0.87,0.44,-0.21
1783984783.7789,16:19:43.778,0.86,0.46,-0.23
1783984784.2783,16:19:44.278,0.85,0.47,-0.23
1783984784.778,16:19:44.778,0.84,0.48,-0.25
1783984785.2778,16:19:45.277,0.84,0.48,-0.25
1783984785.7781,16:19:45.778,0.86,0.45,-0.23
1783984786.2777,16:19:46.277,0.91,0.39,-0.17
1783984786.778,16:19:46.778,0.91,0.38,-0.16
1783984787.2782,16:19:47.278,0.89,0.41,-0.18
1783984787.7773,16:19:47.777,0.89,0.42,-0.17
1783984788.2775,16:19:48.277,0.91,0.40,-0.14
1783984788.7772,16:19:48.777,0.91,0.39,-0.15
1783984789.2767,16:19:49.276,0.89,0.41,-0.20
1783984789.7765,16:19:49.776,0.86,0.45,-0.25
1783984790.2767,16:19:50.276,0.86,0.45,-0.25
1783984790.7759,16:19:50.775,0.86,0.45,-0.25
1783984791.2762,16:19:51.276,0.87,0.44,-0.23
1783984791.7762,16:19:51.776,0.88,0.42,-0.22
1783984792.2757,16:19:52.275,0.90,0.39,-0.20
1783984792.7755,16:19:52.775,0.90,0.39,-0.20
1783984793.2758,16:19:53.275,0.90,0.39,-0.20
1783984793.7757,16:19:53.775,0.88,0.41,-0.23
1783984794.2758,16:19:54.275,0.88,0.42,-0.20
1783984794.7762,16:19:54.776,0.90,0.39,-0.20
1783984795.2761,16:19:55.276,0.91,0.38,-0.15
1783984795.7757,16:19:55.775,0.91,0.38,-0.15
1783984796.2756,16:19:56.275,0.91,0.38,-0.15
1783984796.7752,16:19:56.775,0.91,0.38,-0.15
1783984797.2747,16:19:57.274,0.90,0.41,-0.18
1783984797.7749,16:19:57.774,0.90,0.41,-0.18
1783984798.2748,16:19:58.274,0.92,0.36,-0.14
1783984798.7746,16:19:58.774,0.93,0.36,-0.13
1783984799.2753,16:19:59.275,0.93,0.35,-0.12
1783984799.7751,16:19:59.775,0.91,0.39,-0.13
1783984800.2745,16:20:00.274,0.89,0.42,-0.16
1783984800.7746,16:20:00.774,0.85,0.48,-0.23
1783984801.2744,16:20:01.274,0.85,0.47,-0.24
1783984801.7743,16:20:01.774,0.84,0.49,-0.25
1783984802.2745,16:20:02.274,0.86,0.46,-0.23
1783984802.7744,16:20:02.774,0.86,0.46,-0.22
1783984803.2736,16:20:03.273,0.86,0.45,-0.23
1783984803.7739,16:20:03.773,0.87,0.43,-0.24
1783984804.2733,16:20:04.273,0.87,0.43,-0.24
1783984804.7726,16:20:04.772,0.88,0.43,-0.20
1783984805.2728,16:20:05.272,0.90,0.40,-0.17
1783984805.7727,16:20:05.772,0.90,0.41,-0.16
1783984806.2719,16:20:06.271,0.91,0.39,-0.15
1783984806.772,16:20:06.772,0.92,0.37,-0.12
1783984807.2724,16:20:07.272,0.92,0.38,-0.11
1783984807.7717,16:20:07.771,0.91,0.40,-0.13
1783984808.2714,16:20:08.271,0.90,0.41,-0.15
1783984808.7715,16:20:08.771,0.89,0.42,-0.16
1783984809.2711,16:20:09.271,0.88,0.45,-0.18
1783984809.7709,16:20:09.770,0.88,0.44,-0.18
1783984810.2709,16:20:10.270,0.88,0.44,-0.18
1783984810.7707,16:20:10.770,0.89,0.43,-0.16
1783984811.2706,16:20:11.270,0.89,0.42,-0.15
1783984811.771,16:20:11.771,0.86,0.47,-0.19
1783984812.2703,16:20:12.270,0.86,0.46,-0.20
1783984812.7701,16:20:12.770,0.98,0.18,0.07
1783984813.2706,16:20:13.270,0.98,0.15,0.11
1783984813.7702,16:20:13.770,0.93,0.37,-0.09
1783984814.2695,16:20:14.269,0.90,0.41,-0.11
1783984814.7697,16:20:14.769,0.90,0.42,-0.11
1783984815.2691,16:20:15.269,0.89,0.43,-0.13
1783984815.7689,16:20:15.768,0.95,0.31,-0.07
1783984816.269,16:20:16.269,0.95,0.31,-0.07
1783984816.7686,16:20:16.768,0.90,0.42,-0.13
1783984817.2683,16:20:17.268,0.98,0.16,0.12
1783984817.7683,16:20:17.768,0.91,0.41,-0.11
1783984818.2678,16:20:18.267,0.91,0.41,-0.11
1783984818.7676,16:20:18.767,0.91,0.41,-0.11
1783984819.2676,16:20:19.267,0.93,0.36,-0.09
1783984819.7679,16:20:19.767,0.97,0.24,-0.02
1783984820.2673,16:20:20.267,0.99,0.14,0.06
1783984820.7676,16:20:20.767,0.99,0.09,0.08
1783984821.267,16:20:21.267,0.99,0.09,0.07
1783984821.7663,16:20:21.766,0.98,0.18,-0.01
1783984822.2666,16:20:22.266,0.95,0.30,-0.11
1783984822.7667,16:20:22.766,0.95,0.30,-0.11
1783984823.2663,16:20:23.266,0.94,0.32,-0.10
1783984823.7663,16:20:23.766,0.94,0.33,-0.07
1783984824.2665,16:20:24.266,0.93,0.35,-0.08
1783984824.7659,16:20:24.765,0.92,0.38,-0.08
1783984825.2653,16:20:25.265,0.93,0.37,-0.07
1783984825.7654,16:20:25.765,0.94,0.35,-0.04
1783984826.2646,16:20:26.264,0.94,0.34,-0.04
1783984826.7643,16:20:26.764,0.94,0.33,-0.04
1783984827.2646,16:20:27.264,0.95,0.31,-0.02
1783984827.7643,16:20:27.764,0.95,0.31,-0.02
1783984828.2641,16:20:28.264,0.95,0.31,0.00
1783984828.7642,16:20:28.764,0.95,0.31,-0.02
1783984829.2636,16:20:29.263,0.95,0.31,-0.02
1783984829.7636,16:20:29.763,0.94,0.35,-0.06
1783984830.2637,16:20:30.263,0.93,0.36,-0.07
1783984830.7629,16:20:30.762,0.93,0.36,-0.07
1783984831.2626,16:20:31.262,0.93,0.37,-0.08
1783984831.763,16:20:31.763,0.93,0.36,-0.10
1783984832.2629,16:20:32.262,0.95,0.31,-0.07
1783984832.7621,16:20:32.762,0.95,0.31,-0.07
1783984833.2626,16:20:33.262,0.94,0.34,-0.10
1783984833.7627,16:20:33.762,0.93,0.34,-0.10
1783984834.262,16:20:34.262,0.91,0.38,-0.17
1783984834.7622,16:20:34.762,0.90,0.39,-0.20
1783984835.2625,16:20:35.262,0.90,0.38,-0.20
1783984835.7621,16:20:35.762,0.89,0.41,-0.21
1783984836.2624,16:20:36.262,0.88,0.42,-0.22
1783984836.7618,16:20:36.761,0.87,0.43,-0.24
1783984837.2617,16:20:37.261,0.87,0.43,-0.24
1783984837.7614,16:20:37.761,0.87,0.44,-0.23
1783984838.2613,16:20:38.261,0.87,0.43,-0.22
1783984838.7605,16:20:38.760,0.89,0.41,-0.20
1783984839.2605,16:20:39.260,0.89,0.41,-0.20
1783984839.7605,16:20:39.760,0.89,0.41,-0.20
1783984840.2603,16:20:40.260,0.89,0.41,-0.22
1783984840.7602,16:20:40.760,0.88,0.42,-0.23
1783984841.2602,16:20:41.260,0.87,0.43,-0.25
1783984841.7597,16:20:41.759,0.85,0.45,-0.27
1783984842.2599,16:20:42.259,0.83,0.47,-0.29
1783984842.7602,16:20:42.760,0.83,0.47,-0.30
1783984843.2594,16:20:43.259,0.82,0.49,-0.30
1783984843.7589,16:20:43.758,0.83,0.48,-0.28
1783984844.2591,16:20:44.259,0.83,0.48,-0.28
1783984844.7594,16:20:44.759,0.86,0.45,-0.26
1783984845.2594,16:20:45.259,0.86,0.44,-0.27
1783984845.7601,16:20:45.760,0.87,0.42,-0.27
1783984846.2595,16:20:46.259,0.89,0.39,-0.25
1783984846.7592,16:20:46.759,0.88,0.40,-0.24
1783984847.2592,16:20:47.259,0.90,0.38,-0.23
1783984847.7591,16:20:47.759,0.90,0.37,-0.22
1783984848.2593,16:20:48.259,0.90,0.38,-0.21
1783984848.7593,16:20:48.759,0.89,0.40,-0.22
1783984849.259,16:20:49.259,0.89,0.40,-0.22
1783984849.7582,16:20:49.758,0.89,0.40,-0.22
1783984850.2585,16:20:50.258,0.91,0.37,-0.20
1783984850.7581,16:20:50.758,0.91,0.36,-0.20
1783984851.2578,16:20:51.257,0.91,0.36,-0.20
1783984851.7578,16:20:51.757,0.91,0.36,-0.20
1783984852.2581,16:20:52.258,0.92,0.36,-0.19
1783984852.7577,16:20:52.757,0.93,0.32,-0.16
1783984853.2578,16:20:53.257,0.93,0.33,-0.17
1783984853.7577,16:20:53.757,0.93,0.33,-0.17
1783984854.2574,16:20:54.257,0.92,0.35,-0.19
1783984854.7573,16:20:54.757,0.91,0.36,-0.19
1783984855.2576,16:20:55.257,0.90,0.38,-0.22
1783984855.7568,16:20:55.756,0.89,0.39,-0.23
1783984856.2565,16:20:56.256,0.89,0.39,-0.23
1783984856.7565,16:20:56.756,0.91,0.37,-0.19
1783984857.2561,16:20:57.256,0.91,0.37,-0.19
1783984857.7563,16:20:57.756,0.91,0.38,-0.19
1783984858.2567,16:20:58.256,0.91,0.38,-0.19
1783984858.7562,16:20:58.756,0.92,0.35,-0.18
1783984859.2562,16:20:59.256,0.92,0.35,-0.18
1783984859.7563,16:20:59.756,0.90,0.39,-0.18
1783984860.2561,16:21:00.256,0.90,0.39,-0.18
1783984860.7556,16:21:00.755,0.93,0.34,-0.13
1783984861.2554,16:21:01.255,0.93,0.34,-0.12
1783984861.7554,16:21:01.755,0.93,0.36,-0.12
1783984862.255,16:21:02.255,0.93,0.37,-0.09
1783984862.7552,16:21:02.755,0.92,0.38,-0.08
1783984863.2548,16:21:03.254,0.92,0.38,-0.08
1783984863.7543,16:21:03.754,0.92,0.39,-0.11
1783984864.2543,16:21:04.254,0.91,0.40,-0.12
1783984864.754,16:21:04.754,0.92,0.38,-0.12
1783984865.2536,16:21:05.253,0.92,0.38,-0.12
1783984865.7537,16:21:05.753,0.92,0.37,-0.13
1783984866.2531,16:21:06.253,0.90,0.40,-0.17
1783984866.753,16:21:06.753,0.90,0.40,-0.19
1783984867.2528,16:21:07.252,0.90,0.40,-0.17
1783984867.7528,16:21:07.752,0.91,0.39,-0.16
1783984868.2525,16:21:08.252,0.91,0.39,-0.15
1783984868.7523,16:21:08.752,0.92,0.37,-0.14
1783984869.2522,16:21:09.252,0.92,0.36,-0.14
1783984869.7518,16:21:09.751,0.93,0.34,-0.14
1783984870.2521,16:21:10.252,0.93,0.34,-0.14
1783984870.7519,16:21:10.751,0.93,0.34,-0.13
1783984871.2512,16:21:11.251,0.92,0.35,-0.14
1783984871.7514,16:21:11.751,0.92,0.37,-0.17
1783984872.2514,16:21:12.251,0.92,0.36,-0.16
1783984872.7508,16:21:12.750,0.90,0.39,-0.19
1783984873.2509,16:21:13.250,0.89,0.42,-0.20
1783984873.7507,16:21:13.750,0.87,0.45,-0.21
1783984874.2505,16:21:14.250,0.85,0.49,-0.21
1783984874.7503,16:21:14.750,0.85,0.49,-0.21
1783984875.2504,16:21:15.250,0.87,0.46,-0.19
1783984875.7503,16:21:15.750,0.90,0.40,-0.15
1783984876.2502,16:21:16.250,0.90,0.40,-0.15
1783984876.7505,16:21:16.750,0.91,0.39,-0.14
1783984877.2499,16:21:17.249,0.90,0.40,-0.15
1783984877.7496,16:21:17.749,0.93,0.35,-0.13
1783984878.2494,16:21:18.249,0.93,0.35,-0.13
1783984878.7491,16:21:18.749,0.90,0.40,-0.16
1783984879.2481,16:21:19.248,0.88,0.44,-0.20
1783984879.7484,16:21:19.748,0.86,0.46,-0.22
1783984880.248,16:21:20.248,0.84,0.47,-0.26
1783984880.7477,16:21:20.747,0.84,0.48,-0.26
1783984881.2477,16:21:21.247,0.83,0.48,-0.27
1783984881.7478,16:21:21.747,0.83,0.49,-0.27
1783984882.2468,16:21:22.246,0.83,0.49,-0.26
1783984882.7471,16:21:22.747,0.85,0.47,-0.23
1783984883.2473,16:21:23.247,0.86,0.46,-0.22
1783984883.7476,16:21:23.747,0.87,0.44,-0.23
1783984884.2478,16:21:24.247,0.84,0.47,-0.26
1783984884.7475,16:21:24.747,0.83,0.48,-0.28
1783984885.2467,16:21:25.246,0.83,0.48,-0.28
1783984885.747,16:21:25.747,0.85,0.47,-0.25
1783984886.2468,16:21:26.246,0.86,0.45,-0.24
1783984886.7467,16:21:26.746,0.87,0.44,-0.21
1783984887.2469,16:21:27.246,0.89,0.41,-0.19
1783984887.7469,16:21:27.746,0.89,0.41,-0.18
1783984888.2468,16:21:28.246,0.89,0.42,-0.20
1783984888.7464,16:21:28.746,0.88,0.43,-0.21
1783984889.2469,16:21:29.246,0.89,0.40,-0.20
1783984889.7467,16:21:29.746,0.89,0.40,-0.21
1783984890.2462,16:21:30.246,0.94,0.31,-0.13
1783984890.7463,16:21:30.746,0.94,0.31,-0.13
1783984891.2458,16:21:31.245,0.93,0.35,-0.15
1783984891.7452,16:21:31.745,0.92,0.35,-0.16
1783984892.2457,16:21:32.245,0.93,0.35,-0.15
1783984892.7453,16:21:32.745,0.94,0.32,-0.13
1783984893.2445,16:21:33.244,0.94,0.32,-0.13
1783984893.7443,16:21:33.744,0.94,0.33,-0.14
1783984894.2444,16:21:34.244,0.94,0.32,-0.15
1783984894.7436,16:21:34.743,0.94,0.31,-0.15
1783984895.2436,16:21:35.243,0.94,0.31,-0.15
1783984895.7434,16:21:35.743,0.93,0.33,-0.17
1783984896.2427,16:21:36.242,0.91,0.37,-0.21
1783984896.7427,16:21:36.742,0.89,0.40,-0.24
1783984897.2425,16:21:37.242,0.88,0.40,-0.25
1783984897.7418,16:21:37.741,0.91,0.36,-0.21
1783984898.242,16:21:38.242,0.91,0.36,-0.21
1783984898.7421,16:21:38.742,0.89,0.40,-0.24
1783984899.2419,16:21:39.241,0.89,0.40,-0.24
1783984899.7424,16:21:39.742,0.90,0.38,-0.21
1783984900.2427,16:21:40.242,0.91,0.37,-0.18
1783984900.7424,16:21:40.742,0.93,0.34,-0.14
1783984901.2422,16:21:41.242,0.93,0.34,-0.14
1783984901.7423,16:21:41.742,0.92,0.36,-0.16
1783984902.2419,16:21:42.241,0.92,0.36,-0.16
1783984902.7419,16:21:42.741,0.92,0.35,-0.14
1783984903.2419,16:21:43.241,0.92,0.35,-0.15
1783984903.7414,16:21:43.741,0.91,0.38,-0.17
1783984904.2412,16:21:44.241,0.91,0.38,-0.16
1783984904.741,16:21:44.741,0.91,0.38,-0.16
1783984905.2406,16:21:45.240,0.92,0.37,-0.15
1783984905.7405,16:21:45.740,0.94,0.33,-0.11
1783984906.2403,16:21:46.240,0.94,0.33,-0.11
1783984906.7399,16:21:46.739,0.93,0.35,-0.13
1783984907.2396,16:21:47.239,0.91,0.38,-0.17
1783984907.7398,16:21:47.739,0.91,0.38,-0.17
1783984908.2402,16:21:48.240,0.89,0.40,-0.19
1783984908.7398,16:21:48.739,0.90,0.39,-0.19
1783984909.2401,16:21:49.240,0.90,0.39,-0.19
1783984909.7395,16:21:49.739,0.91,0.36,-0.18
1783984910.2391,16:21:50.239,0.92,0.35,-0.18
1783984910.7389,16:21:50.738,0.93,0.33,-0.15
1783984911.239,16:21:51.239,0.93,0.35,-0.13
1783984911.7383,16:21:51.738,0.93,0.34,-0.13
1783984912.2384,16:21:52.238,0.92,0.35,-0.15
1783984912.7382,16:21:52.738,0.91,0.38,-0.17
1783984913.2379,16:21:53.237,0.87,0.44,-0.21
1783984913.7379,16:21:53.737,0.85,0.47,-0.24
1783984914.2376,16:21:54.237,0.85,0.47,-0.24
1783984914.7368,16:21:54.736,0.85,0.45,-0.25
1783984915.2371,16:21:55.237,0.86,0.46,-0.24
1783984915.7371,16:21:55.737,0.86,0.45,-0.24
1783984916.2369,16:21:56.236,0.87,0.44,-0.23
1783984916.737,16:21:56.737,0.88,0.42,-0.21
1783984917.2366,16:21:57.236,0.88,0.42,-0.21
1783984917.7359,16:21:57.735,0.88,0.43,-0.21
1783984918.2359,16:21:58.235,0.88,0.42,-0.23
1783984918.736,16:21:58.736,0.88,0.42,-0.23
1783984919.2354,16:21:59.235,0.88,0.42,-0.23
1783984919.7354,16:21:59.735,0.88,0.42,-0.24
1783984920.2358,16:22:00.235,0.91,0.37,-0.18
1783984920.7356,16:22:00.735,0.93,0.34,-0.16
1783984921.235,16:22:01.235,0.95,0.30,-0.11
1783984921.7351,16:22:01.735,0.95,0.29,-0.10
1783984922.2347,16:22:02.234,0.95,0.29,-0.11
1783984922.7342,16:22:02.734,0.92,0.34,-0.16
1783984923.2344,16:22:03.234,0.92,0.35,-0.17
1783984923.7347,16:22:03.734,0.89,0.40,-0.20
1783984924.2341,16:22:04.234,0.90,0.39,-0.21
1783984924.7346,16:22:04.734,0.90,0.38,-0.20
1783984925.2342,16:22:05.234,0.91,0.39,-0.17
1783984925.7334,16:22:05.733,0.91,0.38,-0.15
1783984926.2335,16:22:06.233,0.92,0.36,-0.13
1783984926.7333,16:22:06.733,0.92,0.36,-0.14
1783984927.2326,16:22:07.232,0.92,0.36,-0.16
1783984927.733,16:22:07.733,0.91,0.37,-0.18
1783984928.2327,16:22:08.232,0.91,0.37,-0.18
1783984928.7323,16:22:08.732,0.91,0.38,-0.17
1783984929.2324,16:22:09.232,0.93,0.34,-0.14
1783984929.7322,16:22:09.732,0.93,0.34,-0.14
1783984930.2317,16:22:10.231,0.94,0.32,-0.13
1783984930.7321,16:22:10.732,0.94,0.32,-0.12
1783984931.233,16:22:11.233,0.93,0.34,-0.16
1783984931.7326,16:22:11.732,0.92,0.35,-0.16
1783984932.2327,16:22:12.232,0.91,0.37,-0.18
1783984932.7323,16:22:12.732,0.89,0.40,-0.21
1783984933.2322,16:22:13.232,0.86,0.44,-0.25
1783984933.7316,16:22:13.731,0.86,0.44,-0.25
1783984934.2321,16:22:14.232,0.87,0.43,-0.24
1783984934.7313,16:22:14.731,0.88,0.41,-0.23
1783984935.2312,16:22:15.231,0.90,0.39,-0.20
1783984935.7314,16:22:15.731,0.90,0.39,-0.20
1783984936.2308,16:22:16.230,0.90,0.40,-0.19
1783984936.7303,16:22:16.730,0.89,0.42,-0.19
1783984937.2305,16:22:17.230,0.88,0.43,-0.21
1783984937.73,16:22:17.730,0.87,0.44,-0.22
1783984938.2298,16:22:18.229,0.86,0.45,-0.23
1783984938.7299,16:22:18.729,0.83,0.49,-0.26
1783984939.2295,16:22:19.229,0.83,0.49,-0.26
1783984939.7288,16:22:19.728,0.85,0.47,-0.24
1783984940.2288,16:22:20.228,0.85,0.47,-0.23
1783984940.7289,16:22:20.728,0.85,0.47,-0.23
1783984941.2281,16:22:21.228,0.85,0.47,-0.21
1783984941.7286,16:22:21.728,0.85,0.48,-0.21
1783984942.2282,16:22:22.228,0.86,0.47,-0.20
1783984942.7275,16:22:22.727,0.86,0.47,-0.20
1783984943.2277,16:22:23.227,0.86,0.47,-0.21
1783984943.7274,16:22:23.727,0.86,0.47,-0.21
1783984944.2272,16:22:24.227,0.90,0.40,-0.17
1783984944.7274,16:22:24.727,0.92,0.37,-0.15
1783984945.2276,16:22:25.227,0.93,0.36,-0.11
1783984945.727,16:22:25.727,0.93,0.36,-0.11
1783984946.2271,16:22:26.227,0.92,0.37,-0.11
1783984946.7277,16:22:26.727,0.89,0.42,-0.16
1783984947.2273,16:22:27.227,0.86,0.47,-0.20
1783984947.7271,16:22:27.727,0.81,0.53,-0.25
1783984948.2272,16:22:28.227,0.82,0.52,-0.25
1783984948.7268,16:22:28.726,0.84,0.50,-0.22
1783984949.2265,16:22:29.226,0.86,0.48,-0.19
1783984949.7269,16:22:29.726,0.88,0.44,-0.15
1783984950.2264,16:22:30.226,0.91,0.40,-0.10
1783984950.7262,16:22:30.726,0.95,0.31,-0.02
1783984951.2265,16:22:31.226,0.95,0.30,-0.02
1783984951.7259,16:22:31.725,0.95,0.30,-0.03
1783984952.2254,16:22:32.225,0.95,0.32,-0.05
1783984952.7257,16:22:32.725,0.93,0.35,-0.08
1783984953.2252,16:22:33.225,0.91,0.39,-0.11
1783984953.7248,16:22:33.724,0.90,0.42,-0.14
1783984954.2251,16:22:34.225,0.88,0.44,-0.17
1783984954.7243,16:22:34.724,0.87,0.45,-0.20
1783984955.224,16:22:35.224,0.86,0.46,-0.20
1783984955.7244,16:22:35.724,0.91,0.39,-0.14
1783984956.224,16:22:36.224,0.93,0.34,-0.10
1783984956.7239,16:22:36.723,0.94,0.34,-0.09
1783984957.2239,16:22:37.223,0.93,0.35,-0.10
1783984957.7236,16:22:37.723,0.91,0.39,-0.14
1783984958.2234,16:22:38.223,0.91,0.40,-0.15
1783984958.7233,16:22:38.723,0.90,0.40,-0.15
1783984959.2229,16:22:39.222,0.93,0.36,-0.11
1783984959.7224,16:22:39.722,0.92,0.37,-0.09
1783984960.2228,16:22:40.222,0.91,0.41,-0.12
1783984960.7225,16:22:40.722,0.87,0.46,-0.16
1783984961.2221,16:22:41.222,0.86,0.47,-0.18
1783984961.7222,16:22:41.722,0.86,0.48,-0.19
1783984962.2224,16:22:42.222,0.86,0.47,-0.18
1783984962.7217,16:22:42.721,0.86,0.47,-0.19
1783984963.2215,16:22:43.221,0.86,0.47,-0.19
1783984963.7216,16:22:43.721,0.84,0.50,-0.22
1783984964.2216,16:22:44.221,0.84,0.50,-0.22
1783984964.7213,16:22:44.721,0.87,0.45,-0.19
1783984965.2213,16:22:45.221,0.89,0.42,-0.16
1783984965.7207,16:22:45.720,0.90,0.41,-0.16
1783984966.2204,16:22:46.220,0.90,0.39,-0.16
1783984966.7208,16:22:46.720,0.91,0.38,-0.16
1783984967.2207,16:22:47.220,0.92,0.37,-0.16
1783984967.7203,16:22:47.720,0.94,0.33,-0.12
1783984968.2208,16:22:48.220,0.94,0.32,-0.13
1783984968.7206,16:22:48.720,0.94,0.31,-0.12
1783984969.2201,16:22:49.220,0.96,0.27,-0.09
1783984969.7203,16:22:49.720,0.96,0.28,-0.05
1783984970.2198,16:22:50.219,0.96,0.28,-0.06
1783984970.719,16:22:50.719,0.96,0.28,-0.07
1783984971.2193,16:22:51.219,0.97,0.25,-0.05
1783984971.7189,16:22:51.718,0.98,0.21,-0.01
1783984972.2188,16:22:52.218,0.98,0.20,-0.01
1783984972.719,16:22:52.719,0.97,0.22,-0.03
1783984973.2194,16:22:53.219,0.95,0.29,-0.07
1783984973.7189,16:22:53.718,0.95,0.30,-0.07
1783984974.219,16:22:54.219,0.93,0.35,-0.12
1783984974.719,16:22:54.719,0.90,0.40,-0.16
1783984975.2184,16:22:55.218,0.91,0.40,-0.15
1783984975.7182,16:22:55.718,0.92,0.37,-0.15
1783984976.2184,16:22:56.218,0.91,0.38,-0.16
1783984976.7177,16:22:56.717,0.91,0.38,-0.15
1783984977.2175,16:22:57.217,0.91,0.39,-0.15
1783984977.7176,16:22:57.717,0.91,0.39,-0.16
1783984978.2168,16:22:58.216,0.91,0.39,-0.16
1783984978.7169,16:22:58.716,0.91,0.39,-0.16
1783984979.2167,16:22:59.216,0.93,0.34,-0.12
1783984979.716,16:22:59.716,0.94,0.31,-0.11
1783984980.216,16:23:00.216,0.94,0.31,-0.11
1783984980.7161,16:23:00.716,0.93,0.34,-0.14
1783984981.2154,16:23:01.215,0.93,0.35,-0.14
1783984981.7149,16:23:01.714,0.93,0.35,-0.15
1783984982.2151,16:23:02.215,0.92,0.35,-0.17
1783984982.7152,16:23:02.715,0.91,0.37,-0.19
1783984983.215,16:23:03.215,0.90,0.38,-0.20
1783984983.7155,16:23:03.715,0.90,0.38,-0.21
1783984984.2149,16:23:04.214,0.91,0.37,-0.20
1783984984.7145,16:23:04.714,0.90,0.38,-0.19
1783984985.2148,16:23:05.214,0.88,0.42,-0.20
1783984985.715,16:23:05.715,0.85,0.49,-0.21
1783984986.2151,16:23:06.215,0.97,0.23,0.05
1783984986.7149,16:23:06.714,0.97,0.24,0.08
1783984987.2144,16:23:07.214,0.96,0.26,0.10
1783984987.7139,16:23:07.713,0.96,0.25,0.11
1783984988.2142,16:23:08.214,0.96,0.23,0.14
1783984988.7138,16:23:08.713,0.97,0.19,0.16
1783984989.2133,16:23:09.213,0.97,0.16,0.18
1783984989.7132,16:23:09.713,0.97,0.15,0.19
1783984990.2137,16:23:10.213,0.97,0.12,0.21
1783984990.7133,16:23:10.713,0.97,0.07,0.24
1783984991.2132,16:23:11.213,0.96,0.01,0.28
1783984991.7134,16:23:11.713,0.96,0.01,0.28
1783984992.2133,16:23:12.213,0.96,0.01,0.28
1783984992.7133,16:23:12.713,0.96,0.01,0.28
1783984993.2134,16:23:13.213,0.96,0.02,0.28
1783984993.713,16:23:13.713,0.90,0.44,0.00
1783984994.213,16:23:14.213,0.90,0.44,0.00
1783984994.7133,16:23:14.713,0.86,0.50,-0.07
1783984995.2127,16:23:15.212,0.87,0.48,-0.11
1783984995.7128,16:23:15.712,0.90,0.42,-0.11
1783984996.2132,16:23:16.213,0.92,0.39,-0.10
1783984996.7125,16:23:16.712,0.94,0.34,-0.07
1783984997.2123,16:23:17.212,0.95,0.31,-0.07
1783984997.7124,16:23:17.712,0.97,0.23,-0.02
1783984998.2117,16:23:18.211,0.97,0.22,-0.03
1783984998.7112,16:23:18.711,0.97,0.23,-0.04
1783984999.2112,16:23:19.211,0.96,0.27,-0.06
1783984999.7107,16:23:19.710,0.95,0.29,-0.08
1783985000.2103,16:23:20.210,0.95,0.29,-0.08
1783985000.7102,16:23:20.710,0.95,0.29,-0.08
1783985001.2102,16:23:21.210,0.93,0.35,-0.12
1783985001.7096,16:23:21.709,0.91,0.39,-0.16
1783985002.2096,16:23:22.209,0.91,0.39,-0.14
1783985002.7099,16:23:22.709,0.92,0.37,-0.12
1783985003.2092,16:23:23.209,0.93,0.36,-0.12
1783985003.7094,16:23:23.709,0.94,0.33,-0.09
1783985004.2093,16:23:24.209,0.95,0.31,-0.08
1783985004.7083,16:23:24.708,0.97,0.23,-0.04
1783985005.2085,16:23:25.208,0.98,0.20,-0.02
1783985005.7083,16:23:25.708,0.98,0.20,-0.02
1783985006.2076,16:23:26.207,0.98,0.20,-0.02
1783985006.708,16:23:26.708,0.97,0.22,-0.03
1783985007.2083,16:23:27.208,0.94,0.32,-0.12
1783985007.7077,16:23:27.707,0.93,0.34,-0.14
1783985008.2078,16:23:28.207,0.92,0.35,-0.17
1783985008.7084,16:23:28.708,0.96,0.26,-0.11
1783985009.2081,16:23:29.208,0.98,0.20,-0.08
1783985009.7079,16:23:29.707,0.98,0.19,-0.06
1783985010.2078,16:23:30.207,0,0,0
1783985010.7072,16:23:30.707,0,0,0
1783985011.2071,16:23:31.207,0.95,0.27,-0.14
1783985011.7069,16:23:31.706,0.88,0.41,-0.24
1783985012.2064,16:23:32.206,0.87,0.43,-0.25
1783985012.7062,16:23:32.706,0.86,0.45,-0.26
1783985013.2063,16:23:33.206,0.87,0.43,-0.23
1783985013.7061,16:23:33.706,0.87,0.44,-0.23
1783985014.2063,16:23:34.206,0.79,0.54,-0.31
1783985014.7064,16:23:34.706,0.74,0.58,-0.34
1783985015.2058,16:23:35.205,0.74,0.58,-0.34
1783985015.7055,16:23:35.705,0.78,0.55,-0.30
1783985016.2053,16:23:36.205,0.80,0.53,-0.28
1783985016.7052,16:23:36.705,0.82,0.51,-0.26
1783985017.2044,16:23:37.204,0.84,0.49,-0.24
1783985017.7047,16:23:37.704,0.83,0.49,-0.25
1783985018.2051,16:23:38.205,0.83,0.49,-0.25
1783985018.7044,16:23:38.704,0.83,0.49,-0.26
1783985019.2046,16:23:39.204,0.87,0.45,-0.19
1783985019.7047,16:23:39.704,0.88,0.46,-0.16
1783985020.2037,16:23:40.203,0.89,0.44,-0.15
1783985020.7044,16:23:40.704,0.86,0.47,-0.18
1783985021.2044,16:23:41.204,0.86,0.47,-0.18
1783985021.7036,16:23:41.703,0.86,0.47,-0.18
1783985022.204,16:23:42.204,0.86,0.47,-0.18
1783985022.7042,16:23:42.704,0.91,0.39,-0.11
1783985023.2036,16:23:43.203,0.90,0.41,-0.15
1783985023.7034,16:23:43.703,0.89,0.41,-0.19
1783985024.2031,16:23:44.203,0.86,0.46,-0.24
1783985024.7025,16:23:44.702,0.85,0.47,-0.24
1783985025.2024,16:23:45.202,0.82,0.49,-0.28
1783985025.7024,16:23:45.702,0.82,0.49,-0.28
1783985026.2019,16:23:46.201,0.85,0.46,-0.24
1783985026.702,16:23:46.702,0.89,0.43,-0.17
1783985027.2023,16:23:47.202,0.89,0.42,-0.16
1783985027.7025,16:23:47.702,0.90,0.41,-0.16
1783985028.2018,16:23:48.201,0.89,0.41,-0.19
1783985028.702,16:23:48.702,0.92,0.37,-0.16
1783985029.2017,16:23:49.201,0.94,0.31,-0.11
1783985029.7015,16:23:49.701,0.96,0.27,-0.08
1783985030.2016,16:23:50.201,0.97,0.25,-0.07
1783985030.7012,16:23:50.701,0.97,0.24,-0.07
1783985031.2011,16:23:51.201,0.97,0.23,-0.08
1783985031.7009,16:23:51.700,0.97,0.23,-0.08
1783985032.2004,16:23:52.200,0.96,0.26,-0.10
1783985032.7002,16:23:52.700,0.96,0.25,-0.09
1783985033.2006,16:23:53.200,0.95,0.29,-0.12
1783985033.7003,16:23:53.700,0.95,0.28,-0.12
1783985034.1995,16:23:54.199,0.95,0.30,-0.14
1783985034.6998,16:23:54.699,0.96,0.26,-0.11
1783985035.1998,16:23:55.199,0.96,0.26,-0.10
1783985035.6989,16:23:55.698,0.96,0.26,-0.09
1783985036.1991,16:23:56.199,0.96,0.26,-0.09
1783985036.6995,16:23:56.699,0.96,0.26,-0.08
1783985037.1993,16:23:57.199,0.96,0.27,-0.08
1783985037.6994,16:23:57.699,0.98,0.22,-0.03
1783985038.1994,16:23:58.199,0.98,0.22,-0.03
1783985038.6985,16:23:58.698,0.96,0.27,-0.07
1783985039.1983,16:23:59.198,0.96,0.27,-0.06
1783985039.6984,16:23:59.698,0.97,0.25,-0.06
1783985040.1976,16:24:00.197,0.97,0.25,-0.06
1783985040.6974,16:24:00.697,0.93,0.34,-0.12
1783985041.1976,16:24:01.197,0.88,0.43,-0.19
1783985041.6971,16:24:01.697,0.89,0.43,-0.17
1783985042.1968,16:24:02.196,0.88,0.43,-0.17
1783985042.6968,16:24:02.696,0.87,0.45,-0.18
1783985043.1969,16:24:03.196,0.86,0.47,-0.20
1783985043.6961,16:24:03.696,0.86,0.46,-0.21
1783985044.1966,16:24:04.196,0.87,0.45,-0.21
1783985044.6962,16:24:04.696,0.86,0.46,-0.21
1783985045.1957,16:24:05.195,0.86,0.46,-0.21
1783985045.6961,16:24:05.696,0.89,0.42,-0.16
1783985046.196,16:24:06.196,0.89,0.42,-0.16
1783985046.6952,16:24:06.695,0.88,0.44,-0.18
1783985047.1953,16:24:07.195,0.85,0.48,-0.23
1783985047.6951,16:24:07.695,0.85,0.47,-0.21
1783985048.1944,16:24:08.194,0.87,0.46,-0.19
1783985048.695,16:24:08.695,0.88,0.45,-0.15
1783985049.1951,16:24:09.195,0.88,0.44,-0.15
1783985049.6947,16:24:09.694,0.90,0.41,-0.12
1783985050.1946,16:24:10.194,0.90,0.41,-0.12
1783985050.6948,16:24:10.694,0.85,0.50,-0.20
1783985051.1945,16:24:11.194,0.81,0.54,-0.22
1783985051.6949,16:24:11.694,0.81,0.54,-0.22
1783985052.1953,16:24:12.195,0.85,0.49,-0.18
1783985052.695,16:24:12.695,0.87,0.47,-0.14
1783985053.195,16:24:13.195,0.87,0.47,-0.14
1783985053.6949,16:24:13.694,0.89,0.44,-0.10
1783985054.194,16:24:14.194,0.90,0.43,-0.09
1783985054.6939,16:24:14.693,0.90,0.42,-0.08
1783985055.1937,16:24:15.193,0.89,0.44,-0.11
1783985055.6931,16:24:15.693,0.86,0.48,-0.15
1783985056.1929,16:24:16.192,0.86,0.49,-0.16
1783985056.6932,16:24:16.693,0.92,0.39,-0.08
1783985057.193,16:24:17.193,0.93,0.36,-0.06
1783985057.6929,16:24:17.692,0.93,0.35,-0.05
1783985058.1927,16:24:18.192,0.93,0.36,-0.06
1783985058.692,16:24:18.692,0.92,0.38,-0.09
1783985059.1918,16:24:19.191,0.89,0.44,-0.14
1783985059.6921,16:24:19.692,0.86,0.47,-0.17
1783985060.1921,16:24:20.192,0.87,0.46,-0.18
1783985060.6914,16:24:20.691,0.88,0.44,-0.16
1783985061.1918,16:24:21.191,0.88,0.44,-0.17
1783985061.6914,16:24:21.691,0.88,0.45,-0.18
1783985062.1909,16:24:22.190,0.88,0.45,-0.18
1783985062.6915,16:24:22.691,0.88,0.44,-0.17
1783985063.1912,16:24:23.191,0.88,0.45,-0.16
1783985063.6908,16:24:23.690,0.88,0.45,-0.14
1783985064.1911,16:24:24.191,0.82,0.53,-0.20
1783985064.6908,16:24:24.690,0.82,0.53,-0.21
1783985065.1905,16:24:25.190,0.83,0.51,-0.21
1783985065.6903,16:24:25.690,0.85,0.49,-0.21
1783985066.1901,16:24:26.190,0.86,0.47,-0.19
1783985066.6897,16:24:26.689,0.86,0.48,-0.18
1783985067.1898,16:24:27.189,0.85,0.51,-0.16
1783985067.6893,16:24:27.689,0.85,0.51,-0.14
1783985068.189,16:24:28.189,0.84,0.51,-0.15
1783985068.689,16:24:28.689,0.87,0.48,-0.12
1783985069.1889,16:24:29.188,0.87,0.48,-0.12
1783985069.6885,16:24:29.688,0.86,0.50,-0.14
1783985070.1884,16:24:30.188,0.85,0.50,-0.14
1783985070.6882,16:24:30.688,0.85,0.50,-0.15
1783985071.1879,16:24:31.187,0.87,0.47,-0.13
1783985071.6875,16:24:31.687,0.88,0.47,-0.11
1783985072.1877,16:24:32.187,0.87,0.48,-0.12
1783985072.6874,16:24:32.687,0.90,0.42,-0.08
1783985073.187,16:24:33.187,0.92,0.39,-0.06
1783985073.6873,16:24:33.687,0.92,0.39,-0.06
1783985074.1867,16:24:34.186,0.89,0.45,-0.10
1783985074.6866,16:24:34.686,0.85,0.51,-0.16
1783985075.1868,16:24:35.186,0.80,0.56,-0.21
1783985075.6863,16:24:35.686,0.80,0.56,-0.21
1783985076.1863,16:24:36.186,0.79,0.57,-0.25
1783985076.6866,16:24:36.686,0.78,0.56,-0.28
1783985077.186,16:24:37.186,0.82,0.52,-0.24
1783985077.6859,16:24:37.685,0.82,0.52,-0.24
1783985078.1865,16:24:38.186,0.79,0.55,-0.25
1783985078.6858,16:24:38.685,0.79,0.55,-0.25
1783985079.1856,16:24:39.185,0.81,0.54,-0.22
1783985079.6863,16:24:39.686,0.82,0.54,-0.21
1783985080.1862,16:24:40.186,0.82,0.54,-0.19
1783985080.6859,16:24:40.685,0.80,0.57,-0.21
1783985081.1863,16:24:41.186,0.79,0.56,-0.23
1783985081.6863,16:24:41.686,0.80,0.55,-0.22
1783985082.1858,16:24:42.185,0.83,0.53,-0.19
1783985082.6854,16:24:42.685,0.86,0.48,-0.16
1783985083.1853,16:24:43.185,0.88,0.45,-0.13
1783985083.6847,16:24:43.684,0.89,0.45,-0.12
1783985084.185,16:24:44.185,0.89,0.44,-0.13
1783985084.6848,16:24:44.684,0.89,0.45,-0.13
1783985085.1839,16:24:45.183,0.89,0.45,-0.13
1783985085.6837,16:24:45.683,0.88,0.45,-0.13
1783985086.1838,16:24:46.183,0.88,0.46,-0.15
1783985086.6832,16:24:46.683,0.88,0.46,-0.15
1783985087.1833,16:24:47.183,0.82,0.53,-0.23
1783985087.6837,16:24:47.683,0.81,0.54,-0.24
1783985088.1834,16:24:48.183,0.79,0.55,-0.28
1783985088.683,16:24:48.683,0.78,0.56,-0.27
1783985089.1833,16:24:49.183,0.78,0.55,-0.28
1783985089.6823,16:24:49.682,0.81,0.52,-0.27
1783985090.1818,16:24:50.181,0.83,0.50,-0.25
1783985090.682,16:24:50.682,0.83,0.51,-0.22
1783985091.1818,16:24:51.181,0.84,0.50,-0.20
1783985091.6815,16:24:51.681,0.87,0.47,-0.18
1783985092.1819,16:24:52.181,0.87,0.46,-0.18
1783985092.6818,16:24:52.681,0.86,0.47,-0.21
1783985093.1818,16:24:53.181,0.81,0.52,-0.26
1783985093.682,16:24:53.682,0.81,0.53,-0.25
1783985094.1814,16:24:54.181,0.80,0.54,-0.25
1783985094.6809,16:24:54.680,0.79,0.55,-0.26
1783985095.1813,16:24:55.181,0.79,0.55,-0.26
1783985095.6814,16:24:55.681,0.78,0.55,-0.30
1783985096.181,16:24:56.181,0.83,0.49,-0.27
1783985096.6817,16:24:56.681,0.82,0.48,-0.30
1783985097.1815,16:24:57.181,0.81,0.50,-0.30
1783985097.681,16:24:57.681,0.77,0.54,-0.34
1783985098.1806,16:24:58.180,0.77,0.54,-0.34
1783985098.6803,16:24:58.680,0.81,0.51,-0.29
1783985099.1797,16:24:59.179,0.82,0.51,-0.24
1783985099.68,16:24:59.680,0.83,0.50,-0.24
1783985100.1798,16:25:00.179,0.83,0.51,-0.22
1783985100.6796,16:25:00.679,0.83,0.51,-0.21
1783985101.1789,16:25:01.178,0.83,0.51,-0.21
1783985101.6789,16:25:01.678,0.82,0.53,-0.22
1783985102.1782,16:25:02.178,0.78,0.57,-0.26
1783985102.6778,16:25:02.677,0.77,0.57,-0.27
1783985103.1783,16:25:03.178,0.80,0.55,-0.24
1783985103.6778,16:25:03.677,0.80,0.55,-0.24
1783985104.1781,16:25:04.178,0.80,0.54,-0.24
1783985104.6777,16:25:04.677,0.81,0.53,-0.26
1783985105.1773,16:25:05.177,0.83,0.50,-0.25
1783985105.6773,16:25:05.677,0.83,0.50,-0.26
1783985106.1776,16:25:06.177,0.83,0.50,-0.26
1783985106.6772,16:25:06.677,0.83,0.49,-0.27
1783985107.1769,16:25:07.176,0.82,0.49,-0.29
1783985107.6769,16:25:07.676,0.82,0.50,-0.29
1783985108.177,16:25:08.177,0.82,0.50,-0.28
1783985108.6766,16:25:08.676,0.81,0.52,-0.27
1783985109.1767,16:25:09.176,0.80,0.53,-0.27
1783985109.6767,16:25:09.676,0.79,0.54,-0.28
1783985110.1761,16:25:10.176,0.80,0.53,-0.27
1783985110.6764,16:25:10.676,0.80,0.53,-0.28
1783985111.1764,16:25:11.176,0.81,0.52,-0.28
1783985111.6761,16:25:11.676,0.81,0.52,-0.28
1783985112.1764,16:25:12.176,0.80,0.52,-0.29
1783985112.6763,16:25:12.676,0.82,0.51,-0.26
1783985113.1759,16:25:13.175,0.82,0.51,-0.27
1783985113.6762,16:25:13.676,0.83,0.51,-0.24
1783985114.1752,16:25:14.175,0.83,0.50,-0.24
1783985114.6749,16:25:14.674,0.83,0.50,-0.24
1783985115.1753,16:25:15.175,0.83,0.50,-0.25
1783985115.6751,16:25:15.675,0.80,0.53,-0.29
1783985116.1745,16:25:16.174,0.76,0.55,-0.35
1783985116.6744,16:25:16.674,0.75,0.55,-0.36
1783985117.1743,16:25:17.174,0.75,0.55,-0.38
1783985117.674,16:25:17.674,0.73,0.55,-0.40
1783985118.174,16:25:18.174,0.73,0.56,-0.40
1783985118.6738,16:25:18.673,0.73,0.56,-0.38
1783985119.1734,16:25:19.173,0.72,0.57,-0.38
1783985119.6732,16:25:19.673,0.73,0.58,-0.37
1783985120.1733,16:25:20.173,0.74,0.57,-0.36
1783985120.6733,16:25:20.673,0.75,0.55,-0.35
1783985121.1734,16:25:21.173,0.79,0.51,-0.33
1783985121.6732,16:25:21.673,0.79,0.51,-0.34
1783985122.1733,16:25:22.173,0.80,0.50,-0.34
1783985122.6727,16:25:22.672,0.79,0.50,-0.35
1783985123.1728,16:25:23.172,0.78,0.51,-0.36
1783985123.6724,16:25:23.672,0.78,0.52,-0.35
1783985124.1724,16:25:24.172,0.77,0.53,-0.35
1783985124.6722,16:25:24.672,0.76,0.54,-0.36
1783985125.1713,16:25:25.171,0.76,0.53,-0.36
1783985125.6707,16:25:25.670,0.75,0.54,-0.38
1783985126.1707,16:25:26.170,0.75,0.54,-0.38
1783985126.6703,16:25:26.670,0.72,0.56,-0.40
1783985127.1698,16:25:27.169,0.72,0.56,-0.40
1783985127.67,16:25:27.670,0.74,0.55,-0.39
1783985128.1699,16:25:28.169,0.76,0.53,-0.38
1783985128.6693,16:25:28.669,0.76,0.53,-0.36
1783985129.1691,16:25:29.169,0.78,0.52,-0.34
1783985129.6691,16:25:29.669,0.79,0.52,-0.33
1783985130.1691,16:25:30.169,0.78,0.52,-0.33
1783985130.6692,16:25:30.669,0.74,0.55,-0.39
1783985131.1688,16:25:31.168,0.74,0.55,-0.40
1783985131.6681,16:25:31.668,0.74,0.55,-0.40
1783985132.1681,16:25:32.168,0.73,0.56,-0.39
1783985132.668,16:25:32.668,0.75,0.55,-0.38
1783985133.1676,16:25:33.167,0.77,0.55,-0.33
1783985133.6677,16:25:33.667,0.78,0.55,-0.30
1783985134.1677,16:25:34.167,0.80,0.52,-0.29
1783985134.6672,16:25:34.667,0.80,0.52,-0.30
1783985135.167,16:25:35.167,0.81,0.51,-0.29
1783985135.6671,16:25:35.667,0.81,0.51,-0.29
1783985136.1669,16:25:36.166,0.77,0.55,-0.32
1783985136.6668,16:25:36.666,0.77,0.55,-0.34
1783985137.167,16:25:37.167,0.78,0.54,-0.33
1783985137.6666,16:25:37.666,0.78,0.54,-0.33
1783985138.1664,16:25:38.166,0.73,0.58,-0.36
1783985138.6667,16:25:38.666,0.73,0.58,-0.36
1783985139.1659,16:25:39.165,0.75,0.57,-0.34
1783985139.666,16:25:39.666,0.78,0.52,-0.34
1783985140.166,16:25:40.166,0.79,0.51,-0.33
1783985140.6656,16:25:40.665,0.79,0.49,-0.36
1783985141.1651,16:25:41.165,0.79,0.49,-0.36
1783985141.6651,16:25:41.665,0.79,0.49,-0.36
1783985142.165,16:25:42.165,0.77,0.52,-0.38
1783985142.6642,16:25:42.664,0.76,0.51,-0.40
1783985143.1644,16:25:43.164,0.79,0.49,-0.38
1783985143.6648,16:25:43.664,0.79,0.49,-0.38
1783985144.1643,16:25:44.164,0.75,0.53,-0.40
1783985144.6643,16:25:44.664,0.75,0.53,-0.40
1783985145.1642,16:25:45.164,0.75,0.53,-0.40
1783985145.6636,16:25:45.663,0.74,0.54,-0.40
1783985146.1641,16:25:46.164,0.74,0.54,-0.41
1783985146.6637,16:25:46.663,0.74,0.55,-0.38
1783985147.1638,16:25:47.163,0.73,0.56,-0.39
1783985147.664,16:25:47.664,0.73,0.56,-0.39
1783985148.1641,16:25:48.164,0.77,0.53,-0.35
1783985148.6633,16:25:48.663,0.77,0.54,-0.34
1783985149.1635,16:25:49.163,0.78,0.53,-0.34
1783985149.6632,16:25:49.663,0.78,0.53,-0.33
1783985150.163,16:25:50.163,0.84,0.48,-0.27
1783985150.6627,16:25:50.662,0.85,0.47,-0.26
1783985151.1628,16:25:51.162,0.85,0.46,-0.26
1783985151.6621,16:25:51.662,0.81,0.50,-0.30
1783985152.1621,16:25:52.162,0.79,0.51,-0.34
1783985152.6624,16:25:52.662,0.76,0.54,-0.36
1783985153.1624,16:25:53.162,0.75,0.55,-0.36
1783985153.6623,16:25:53.662,0.73,0.56,-0.38
1783985154.1628,16:25:54.162,0.71,0.58,-0.40
1783985154.6631,16:25:54.663,0.71,0.58,-0.40
1783985155.1627,16:25:55.162,0.74,0.56,-0.37
1783985155.6626,16:25:55.662,0.76,0.55,-0.36
1783985156.1624,16:25:56.162,0.79,0.52,-0.33
1783985156.6616,16:25:56.661,0.79,0.52,-0.33
1783985157.1618,16:25:57.161,0.78,0.53,-0.34
1783985157.6609,16:25:57.660,0.78,0.53,-0.34
1783985158.1609,16:25:58.160,0.79,0.52,-0.33
1783985158.6613,16:25:58.661,0.83,0.47,-0.30
1783985159.1608,16:25:59.160,0.83,0.47,-0.30
1783985159.6604,16:25:59.660,0.83,0.47,-0.30
1783985160.1607,16:26:00.160,0.83,0.48,-0.28
1783985160.6599,16:26:00.659,0.83,0.48,-0.28
1783985161.1592,16:26:01.159,0.84,0.47,-0.27
1783985161.659,16:26:01.659,0.84,0.47,-0.26
1783985162.1593,16:26:02.159,0.85,0.46,-0.27
1783985162.6595,16:26:02.659,0.84,0.47,-0.28
1783985163.1592,16:26:03.159,0.83,0.47,-0.30
1783985163.6592,16:26:03.659,0.83,0.46,-0.32
1783985164.1587,16:26:04.158,0.83,0.45,-0.32
1783985164.6585,16:26:04.658,0.83,0.46,-0.33
1783985165.1588,16:26:05.158,0.83,0.46,-0.33
1783985165.6582,16:26:05.658,0.81,0.47,-0.35
1783985166.1585,16:26:06.158,0.81,0.49,-0.33
1783985166.6587,16:26:06.658,0.81,0.48,-0.32
1783985167.1586,16:26:07.158,0.84,0.45,-0.29
1783985167.6578,16:26:07.657,0.86,0.42,-0.28
1783985168.158,16:26:08.158,0.86,0.42,-0.28
1783985168.6575,16:26:08.657,0.88,0.40,-0.26
1783985169.1571,16:26:09.157,0.89,0.40,-0.24
1783985169.6574,16:26:09.657,0.89,0.40,-0.21
1783985170.1574,16:26:10.157,0.88,0.42,-0.20
1783985170.6575,16:26:10.657,0.90,0.39,-0.18
1783985171.1579,16:26:11.157,0.95,0.30,-0.11
1783985171.6572,16:26:11.657,0.97,0.24,-0.05
1783985172.1566,16:26:12.156,0.97,0.22,-0.05
1783985172.6567,16:26:12.656,0.98,0.19,-0.05
1783985173.1563,16:26:13.156,0.99,0.16,-0.04
1783985173.6557,16:26:13.655,0.99,0.13,-0.02
1783985174.1557,16:26:14.155,0.99,0.13,-0.02
1783985174.6559,16:26:14.655,0.99,0.16,-0.05
1783985175.1553,16:26:15.155,0.98,0.18,-0.05
1783985175.6552,16:26:15.655,0.97,0.23,-0.07
1783985176.155,16:26:16.155,0.93,0.34,-0.16
1783985176.6547,16:26:16.654,0.93,0.34,-0.15
1783985177.1545,16:26:17.154,0.92,0.36,-0.15
1783985177.6542,16:26:17.654,0.93,0.36,-0.13
1783985178.1539,16:26:18.153,0.91,0.38,-0.14
1783985178.6541,16:26:18.654,0.90,0.41,-0.17
1783985179.1538,16:26:19.153,0.90,0.41,-0.17
1783985179.6532,16:26:19.653,0.90,0.40,-0.16
1783985180.1532,16:26:20.153,0.89,0.42,-0.17
1783985180.6536,16:26:20.653,0.89,0.42,-0.17
1783985181.1532,16:26:21.153,0.92,0.36,-0.14
1783985181.6528,16:26:21.652,0.93,0.34,-0.12
1783985182.1532,16:26:22.153,0.94,0.34,-0.11
1783985182.6524,16:26:22.652,0.92,0.38,-0.13
1783985183.1523,16:26:23.152,0.92,0.38,-0.13
1783985183.6527,16:26:23.652,0.93,0.34,-0.10
1783985184.1526,16:26:24.152,0.94,0.33,-0.10
1783985184.6526,16:26:24.652,0.94,0.32,-0.07
1783985185.1531,16:26:25.153,0.94,0.32,-0.07
1783985185.6529,16:26:25.652,0.94,0.32,-0.08
1783985186.1522,16:26:26.152,0.94,0.33,-0.12
1783985186.6521,16:26:26.652,0.91,0.37,-0.17
1783985187.1524,16:26:27.152,0.91,0.37,-0.17
1783985187.6518,16:26:27.651,0.91,0.38,-0.17
1783985188.152,16:26:28.152,0.90,0.39,-0.16
1783985188.6517,16:26:28.651,0.90,0.40,-0.15
1783985189.1513,16:26:29.151,0.91,0.39,-0.14
1783985189.6512,16:26:29.651,0.91,0.38,-0.14
1783985190.151,16:26:30.151,0.91,0.38,-0.14
1783985190.6505,16:26:30.650,0.91,0.39,-0.15
1783985191.1507,16:26:31.150,0.91,0.39,-0.17
1783985191.6502,16:26:31.650,0.89,0.42,-0.20
1783985192.15,16:26:32.150,0.89,0.42,-0.19
1783985192.6499,16:26:32.649,0.89,0.42,-0.19
1783985193.1504,16:26:33.150,0.89,0.42,-0.19
1783985193.6498,16:26:33.649,0.89,0.42,-0.19
1783985194.1492,16:26:34.149,0.91,0.37,-0.16
1783985194.6497,16:26:34.649,0.91,0.37,-0.16
1783985195.1493,16:26:35.149,0.90,0.40,-0.18
1783985195.6494,16:26:35.649,0.82,0.51,-0.27
1783985196.149,16:26:36.149,0.82,0.51,-0.26
1783985196.6487,16:26:36.648,0.82,0.51,-0.26
1783985197.1483,16:26:37.148,0.84,0.49,-0.24
1783985197.6487,16:26:37.648,0,0,0
1783985198.148,16:26:38.148,0,0,0
1783985198.6478,16:26:38.647,0,0,0
1783985199.1483,16:26:39.148,0,0,0
1783985199.6477,16:26:39.647,0,0,0
1783985200.1472,16:26:40.147,0.85,0.48,-0.23
1783985200.6476,16:26:40.647,0,0,0
1783985201.1475,16:26:41.147,0,0,0
1783985201.6469,16:26:41.646,0,0,0
1783985202.147,16:26:42.147,0,0,0
1783985202.6466,16:26:42.646,0,0,0
1783985203.1461,16:26:43.146,0,0,0
1783985203.6459,16:26:43.645,0.85,0.49,-0.20
1783985204.1454,16:26:44.145,0.81,0.54,-0.21
1783985204.645,16:26:44.645,0.81,0.55,-0.18
1783985205.1455,16:26:45.145,0.82,0.55,-0.18
1783985205.6451,16:26:45.645,0,0,0
1783985206.1446,16:26:46.144,0,0,0
1783985206.6446,16:26:46.644,0,0,0
1783985207.1448,16:26:47.144,0,0,0
1783985207.6443,16:26:47.644,0,0,0
1783985208.1441,16:26:48.144,0,0,0
1783985208.6442,16:26:48.644,0,0,0
1783985209.144,16:26:49.144,0.82,0.55,-0.18
1783985209.6437,16:26:49.643,0.86,0.50,-0.12
1783985210.1441,16:26:50.144,0.88,0.47,-0.10
1783985210.6436,16:26:50.643,0.89,0.45,-0.10
1783985211.1432,16:26:51.143,0.91,0.41,-0.10
1783985211.6435,16:26:51.643,0,0,0
1783985212.1428,16:26:52.142,0,0,0
1783985212.6425,16:26:52.642,0,0,0
1783985213.1429,16:26:53.142,0.93,0.35,-0.08
1783985213.6422,16:26:53.642,0.93,0.35,-0.09
1783985214.1422,16:26:54.142,0.87,0.47,-0.14
1783985214.6423,16:26:54.642,0.84,0.51,-0.17
1783985215.1423,16:26:55.142,0.82,0.53,-0.21
1783985215.642,16:26:55.642,0.82,0.52,-0.22
1783985216.142,16:26:56.142,0.83,0.52,-0.22
1783985216.6414,16:26:56.641,0.82,0.53,-0.23
1783985217.1411,16:26:57.141,0.83,0.52,-0.22
1783985217.6413,16:26:57.641,0.83,0.52,-0.22
1783985218.1412,16:26:58.141,0.84,0.49,-0.23
1783985218.6406,16:26:58.640,0.90,0.41,-0.16
1783985219.1409,16:26:59.140,0.92,0.36,-0.13
1783985219.6409,16:26:59.640,0.95,0.31,-0.09
1783985220.1404,16:27:00.140,0.95,0.30,-0.10
1783985220.641,16:27:00.641,0.95,0.30,-0.10
1783985221.1409,16:27:01.140,0.94,0.31,-0.11
1783985221.6405,16:27:01.640,0.93,0.34,-0.17
1783985222.1404,16:27:02.140,0.93,0.34,-0.17
1783985222.64,16:27:02.640,0.93,0.33,-0.18
1783985223.1395,16:27:03.139,0.92,0.34,-0.19
1783985223.6401,16:27:03.640,0.85,0.45,-0.28
1783985224.1402,16:27:04.140,0.86,0.44,-0.27
1783985224.6392,16:27:04.639,0.87,0.42,-0.26
1783985225.1395,16:27:05.139,0.88,0.40,-0.25
1783985225.6393,16:27:05.639,0.88,0.41,-0.25
1783985226.1391,16:27:06.139,0.89,0.39,-0.23
1783985226.6392,16:27:06.639,0.87,0.42,-0.25
1783985227.1388,16:27:07.138,0.87,0.42,-0.25
1783985227.6385,16:27:07.638,0.89,0.40,-0.22
1783985228.1383,16:27:08.138,0.90,0.39,-0.20
1783985228.6383,16:27:08.638,0.90,0.39,-0.19
1783985229.1379,16:27:09.137,0.87,0.44,-0.22
1783985229.6378,16:27:09.637,0.87,0.44,-0.22
1783985230.1376,16:27:10.137,0.89,0.41,-0.18
1783985230.6369,16:27:10.636,0.90,0.40,-0.19
1783985231.1369,16:27:11.136,0.88,0.42,-0.22
1783985231.637,16:27:11.637,0.87,0.43,-0.23
1783985232.1372,16:27:12.137,0.87,0.44,-0.22
1783985232.6369,16:27:12.636,0.87,0.43,-0.22
1783985233.1367,16:27:13.136,0.91,0.38,-0.18
1783985233.6366,16:27:13.636,0.94,0.32,-0.13
1783985234.1362,16:27:14.136,0.97,0.25,-0.07
1783985234.6363,16:27:14.636,0.97,0.24,-0.08
1783985235.1361,16:27:15.136,0.95,0.28,-0.11
1783985235.6358,16:27:15.635,0.96,0.27,-0.11
1783985236.1362,16:27:16.136,0.95,0.28,-0.13
1783985236.6361,16:27:16.636,0.93,0.33,-0.17
1783985237.136,16:27:17.136,0.84,0.46,-0.28
1783985237.6364,16:27:17.636,0.82,0.48,-0.30
1783985238.1361,16:27:18.136,0.81,0.50,-0.31
1783985238.6357,16:27:18.635,0.77,0.54,-0.33
1783985239.136,16:27:19.136,0.77,0.54,-0.34
1783985239.6358,16:27:19.635,0.76,0.56,-0.33
1783985240.1351,16:27:20.135,0.72,0.61,-0.33
1783985240.6353,16:27:20.635,0.73,0.60,-0.33
1783985241.1348,16:27:21.134,0.76,0.57,-0.31
1783985241.6344,16:27:21.634,0.84,0.48,-0.25
1783985242.1349,16:27:22.134,0.90,0.39,-0.18
1783985242.6351,16:27:22.635,0.96,0.27,-0.08
1783985243.1347,16:27:23.134,0.97,0.24,-0.04
1783985243.6341,16:27:23.634,0.97,0.25,-0.05
1783985244.1339,16:27:24.133,0.96,0.28,-0.07
1783985244.6331,16:27:24.633,0.95,0.31,-0.11
1783985245.1324,16:27:25.132,0.94,0.32,-0.10
1783985245.6328,16:27:25.632,0.94,0.31,-0.10
1783985246.1327,16:27:26.132,0.94,0.33,-0.11
1783985246.6324,16:27:26.632,0.94,0.31,-0.10
1783985247.1324,16:27:27.132,0.92,0.36,-0.14
1783985247.6321,16:27:27.632,0.91,0.39,-0.17
1783985248.1313,16:27:28.131,0.91,0.38,-0.17
1783985248.6316,16:27:28.631,0.92,0.37,-0.15
1783985249.1313,16:27:29.131,0.91,0.38,-0.14
1783985249.6308,16:27:29.630,0.90,0.41,-0.15
1783985250.131,16:27:30.131,0.90,0.42,-0.15
1783985250.6309,16:27:30.630,0.90,0.40,-0.15
1783985251.1303,16:27:31.130,0.92,0.37,-0.13
1783985251.6304,16:27:31.630,0.92,0.36,-0.14
1783985252.1303,16:27:32.130,0.93,0.34,-0.11
1783985252.6296,16:27:32.629,0.94,0.34,-0.10
1783985253.1298,16:27:33.129,0.94,0.33,-0.07
1783985253.6297,16:27:33.629,0.94,0.33,-0.07
1783985254.1294,16:27:34.129,0.94,0.34,-0.08
1783985254.6297,16:27:34.629,0.94,0.34,-0.08
1783985255.1303,16:27:35.130,0.94,0.34,-0.09
1783985255.6299,16:27:35.629,0.95,0.31,-0.07
1783985256.1296,16:27:36.129,0.95,0.31,-0.07
1783985256.6296,16:27:36.629,0.94,0.33,-0.10
1783985257.1289,16:27:37.128,0.94,0.33,-0.09
1783985257.6287,16:27:37.628,0.94,0.34,-0.10
1783985258.1288,16:27:38.128,0.94,0.34,-0.09
1783985258.6287,16:27:38.628,0.93,0.36,-0.10
1783985259.1284,16:27:39.128,0.93,0.36,-0.10
1783985259.6286,16:27:39.628,0.92,0.37,-0.11
1783985260.1279,16:27:40.127,0.91,0.40,-0.12
1783985260.6274,16:27:40.627,0.91,0.40,-0.12
1783985261.1277,16:27:41.127,0.92,0.38,-0.08
1783985261.6275,16:27:41.627,0.92,0.37,-0.08
1783985262.1272,16:27:42.127,0.92,0.37,-0.08
1783985262.6274,16:27:42.627,0.90,0.41,-0.15
1783985263.1271,16:27:43.127,0.88,0.44,-0.18
1783985263.6265,16:27:43.626,0.88,0.44,-0.18
1783985264.1266,16:27:44.126,0.88,0.43,-0.18
1783985264.6264,16:27:44.626,0.91,0.39,-0.14
1783985265.1258,16:27:45.125,0.93,0.36,-0.11
1783985265.6263,16:27:45.626,0.93,0.36,-0.11
1783985266.1259,16:27:46.125,0.92,0.37,-0.12
1783985266.6254,16:27:46.625,0.92,0.37,-0.11
1783985267.126,16:27:47.126,0.93,0.36,-0.11
1783985267.6258,16:27:47.625,0.92,0.38,-0.12
1783985268.1254,16:27:48.125,0.91,0.39,-0.13
1783985268.6257,16:27:48.625,0.88,0.44,-0.17
1783985269.1253,16:27:49.125,0.85,0.49,-0.20
1783985269.625,16:27:49.625,0.85,0.48,-0.20
1783985270.1248,16:27:50.124,0.85,0.48,-0.20
1783985270.6249,16:27:50.624,0.86,0.47,-0.21
1783985271.1246,16:27:51.124,0.81,0.52,-0.27
1783985271.6243,16:27:51.624,0.75,0.59,-0.30
1783985272.1243,16:27:52.124,0.75,0.59,-0.31
1783985272.6238,16:27:52.623,0.75,0.59,-0.28
1783985273.1238,16:27:53.123,0.77,0.58,-0.25
1783985273.6237,16:27:53.623,0.76,0.59,-0.27
1783985274.1233,16:27:54.123,0.81,0.54,-0.23
1783985274.6233,16:27:54.623,0.85,0.49,-0.19
1783985275.124,16:27:55.124,0.88,0.46,-0.15
1783985275.623,16:27:55.623,0.89,0.44,-0.14
1783985276.1227,16:27:56.122,0.90,0.42,-0.12
1783985276.6226,16:27:56.622,0.91,0.41,-0.10
1783985277.1225,16:27:57.122,0.91,0.41,-0.11
1783985277.6219,16:27:57.621,0.93,0.36,-0.10
1783985278.1224,16:27:58.122,0.94,0.32,-0.09
1783985278.6222,16:27:58.622,0.94,0.32,-0.09
1783985279.1219,16:27:59.121,0.95,0.30,-0.08
1783985279.6225,16:27:59.622,0.95,0.29,-0.07
1783985280.1222,16:28:00.122,0.96,0.27,-0.08
1783985280.6214,16:28:00.621,0.96,0.27,-0.08
1783985281.1215,16:28:01.121,0.95,0.30,-0.10
1783985281.6213,16:28:01.621,0.95,0.30,-0.10
1783985282.1208,16:28:02.120,0.94,0.31,-0.12
1783985282.621,16:28:02.621,0,0,0
1783985283.1212,16:28:03.121,0.93,0.35,-0.14
1783985283.6206,16:28:03.620,0.88,0.43,-0.19
1783985284.1207,16:28:04.120,0.85,0.47,-0.22
1783985284.6206,16:28:04.620,0.81,0.53,-0.24
1783985285.1202,16:28:05.120,0.80,0.54,-0.26
1783985285.6207,16:28:05.620,0.75,0.58,-0.32
1783985286.1211,16:28:06.121,0.73,0.58,-0.36
1783985286.6208,16:28:06.620,0.72,0.58,-0.39
1783985287.1204,16:28:07.120,0.80,0.51,-0.30
1783985287.6207,16:28:07.620,0.90,0.40,-0.16
1783985288.1197,16:28:08.119,0.98,0.08,0.16
1783985288.6198,16:28:08.619,0.98,0.09,0.17
1783985289.1196,16:28:09.119,0.98,0.09,0.17
1783985289.6193,16:28:09.619,0.94,0.34,-0.03
1783985290.1189,16:28:10.118,0.92,0.37,-0.07
1783985290.6192,16:28:10.619,0.89,0.44,-0.14
1783985291.119,16:28:11.119,0.84,0.49,-0.24
1783985291.6191,16:28:11.619,0.79,0.52,-0.32
1783985292.1189,16:28:12.118,0.75,0.54,-0.38
1783985292.6184,16:28:12.618,0.75,0.53,-0.39
1783985293.1182,16:28:13.118,0.75,0.53,-0.39
1783985293.6183,16:28:13.618,0.77,0.52,-0.37
1783985294.1183,16:28:14.118,0.84,0.47,-0.28
1783985294.6177,16:28:14.617,0.91,0.39,-0.15
1783985295.1182,16:28:15.118,0.94,0.34,-0.08
1783985295.6181,16:28:15.618,0.93,0.35,-0.06
1783985296.1178,16:28:16.117,0.91,0.39,-0.10
1783985296.6182,16:28:16.618,0.91,0.39,-0.10
1783985297.1182,16:28:17.118,0.93,0.36,-0.09
1783985297.6172,16:28:17.617,0.96,0.29,-0.04
1783985298.1175,16:28:18.117,0.97,0.25,-0.01
1783985298.6172,16:28:18.617,0.97,0.25,-0.01
1783985299.1167,16:28:19.116,0.97,0.25,0.00
1783985299.6163,16:28:19.616,0.97,0.24,-0.01
1783985300.1166,16:28:20.116,0.97,0.24,-0.01
1783985300.6158,16:28:20.615,0.94,0.32,-0.07
1783985301.1161,16:28:21.116,0.92,0.38,-0.05
1783985301.6157,16:28:21.615,0.98,0.14,0.17
1783985302.1152,16:28:22.115,0.98,0.13,0.17
1783985302.6152,16:28:22.615,0.98,0.12,0.17
1783985303.1155,16:28:23.115,0.98,0.11,0.19
1783985303.6151,16:28:23.615,0.97,0.02,0.25
1783985304.1147,16:28:24.114,0.96,-0.02,0.27
1783985304.615,16:28:24.615,0.97,0.21,0.12
1783985305.1147,16:28:25.114,0.97,0.24,0.09
1783985305.6144,16:28:25.614,0.92,0.40,-0.05
1783985306.1144,16:28:26.114,0.86,0.49,-0.15
1783985306.6141,16:28:26.614,0.85,0.49,-0.16
1783985307.1137,16:28:27.113,0.83,0.52,-0.20
1783985307.6139,16:28:27.613,0.80,0.54,-0.24
1783985308.1133,16:28:28.113,0.80,0.54,-0.25
1783985308.6132,16:28:28.613,0.82,0.52,-0.23
1783985309.1132,16:28:29.113,0.82,0.52,-0.23
1783985309.6131,16:28:29.613,0.81,0.54,-0.22
1783985310.1131,16:28:30.113,0.81,0.54,-0.22
1783985310.6134,16:28:30.613,0.84,0.50,-0.20
1783985311.1128,16:28:31.112,0.86,0.48,-0.20
1783985311.6123,16:28:31.612,0.89,0.43,-0.16
1783985312.1121,16:28:32.112,0.89,0.43,-0.16
1783985312.612,16:28:32.612,0.89,0.43,-0.14
1783985313.1114,16:28:33.111,0.87,0.47,-0.14
1783985313.6118,16:28:33.611,0.87,0.48,-0.13
1783985314.1115,16:28:34.111,0.98,0.04,0.21
1783985314.6111,16:28:34.611,0.97,0.00,0.25
1783985315.1116,16:28:35.111,0.97,-0.01,0.25
1783985315.6114,16:28:35.611,0.97,-0.03,0.25
1783985316.1105,16:28:36.110,0.97,-0.03,0.25
1783985316.6103,16:28:36.610,0.97,-0.05,0.25
1783985317.1102,16:28:37.110,0.96,-0.06,0.26
1783985317.6096,16:28:37.609,0.95,-0.10,0.29
1783985318.1095,16:28:38.109,0.95,-0.11,0.29
1783985318.6097,16:28:38.609,0.95,-0.10,0.28
1783985319.1093,16:28:39.109,0.96,-0.07,0.27
1783985319.6091,16:28:39.609,0.97,-0.03,0.23
1783985320.1091,16:28:40.109,0.98,0.01,0.20
1783985320.6085,16:28:40.608,0.93,0.37,0.00
1783985321.1086,16:28:41.108,0.93,0.37,0.00
1783985321.6088,16:28:41.608,0.95,0.31,0.05
1783985322.1083,16:28:42.108,0.95,0.31,0.04
1783985322.6081,16:28:42.608,0.93,0.36,-0.02
1783985323.1081,16:28:43.108,0.91,0.39,-0.09
1783985323.6076,16:28:43.607,0.89,0.43,-0.13
1783985324.1074,16:28:44.107,0.88,0.45,-0.14
1783985324.6079,16:28:44.607,0.87,0.46,-0.14
1783985325.1073,16:28:45.107,0.86,0.48,-0.15
1783985325.6072,16:28:45.607,0.83,0.53,-0.18
1783985326.1072,16:28:46.107,0.83,0.53,-0.18
1783985326.6075,16:28:46.607,0.88,0.45,-0.12
1783985327.1069,16:28:47.106,0.91,0.42,-0.07
1783985327.607,16:28:47.607,0.90,0.42,-0.09
1783985328.1066,16:28:48.106,0.91,0.40,-0.06
1783985328.6061,16:28:48.606,0.92,0.39,-0.05
1783985329.1061,16:28:49.106,0.96,0.29,0.01
1783985329.6067,16:28:49.606,0.96,0.27,0.03
1783985330.1059,16:28:50.105,0.97,-0.05,0.25
1783985330.6064,16:28:50.606,0.96,0.28,0.02
1783985331.1062,16:28:51.106,0.96,0.28,0.02
1783985331.6055,16:28:51.605,0.96,0.29,0.02
1783985332.1055,16:28:52.105,0.95,0.30,0.01
1783985332.6057,16:28:52.605,0.95,0.30,0.00
1783985333.105,16:28:53.105,0.91,0.41,-0.09
1783985333.6048,16:28:53.604,0.91,0.40,-0.07
1783985334.1049,16:28:54.104,0.94,0.34,-0.03
1783985334.6045,16:28:54.604,0.96,0.28,0.02
1783985335.1046,16:28:55.104,0.96,0.28,0.02
1783985335.6046,16:28:55.604,0.94,0.35,-0.04
1783985336.1047,16:28:56.104,0.91,0.41,-0.10
1783985336.6043,16:28:56.604,0.99,0.08,0.14
1783985337.1048,16:28:57.104,0.99,0.10,0.12
1783985337.6044,16:28:57.604,0.99,0.12,0.13
1783985338.1041,16:28:58.104,0.98,0.12,0.13
1783985338.6041,16:28:58.604,0.98,0.12,0.14
1783985339.1042,16:28:59.104,0.98,0.12,0.15
1783985339.604,16:28:59.604,0.98,0.13,0.15
1783985340.1041,16:29:00.104,0.98,0.13,0.16
1783985340.6037,16:29:00.603,0.98,0.11,0.17
1783985341.103,16:29:01.103,0.98,0.08,0.18
1783985341.6028,16:29:01.602,0.98,0.10,0.18
1783985342.102,16:29:02.102,0.98,0.17,0.11
1783985342.6015,16:29:02.601,0.98,0.20,0.09
1783985343.1015,16:29:03.101,0.98,0.20,0.09
1783985343.601,16:29:03.601,0.98,0.19,0.11
1783985344.1006,16:29:04.100,0.98,0.13,0.17
1783985344.6007,16:29:04.600,0.96,-0.02,0.27
1783985345.1005,16:29:05.100,0.96,-0.04,0.27
1783985345.6002,16:29:05.600,0.96,-0.03,0.28
1783985346.1003,16:29:06.100,0.97,-0.01,0.26
1783985346.6002,16:29:06.600,0.97,0.04,0.23
1783985347.0996,16:29:07.099,0.98,0.09,0.19
